# task=cylinder
# algo=ProprioAdapt
# checkpoint=/home/tan/hora/BrainCo/outputs/revo3_right/stage2_smoke2/stage2_nn/model_best_latent.ckpt
# policy_dt_sec=0.050000
# policy_hz=20.000000
# action_semantics=delta
# action_formula=target=prev_target+(1/24)*raw_action then clamp(joint_limits)
# raw_action_definition=policy clamped delta output mu (pre delta-integration, [-1,1])
# target_definition=cur_targets (delta-accumulated + joint-limit clamped, used in PD formula)
# jointpos_definition=hand.data.joint_pos (absolute joint angles, rad)
# joint_order=0:right_index_MPR_joint, 1:right_little_MPR_joint, 2:right_middle_MPR_joint, 3:right_ring_MPR_joint, 4:right_thumb_CMP_joint, 5:right_index_MCP_joint, 6:right_little_MCP_joint, 7:right_middle_MCP_joint, 8:right_ring_MCP_joint, 9:right_thumb_CMR_joint, 10:right_index_PIP_joint, 11:right_little_PIP_joint, 12:right_middle_PIP_joint, 13:right_ring_PIP_joint, 14:right_thumb_MCP_joint, 15:right_index_DIP_joint, 16:right_little_DIP_joint, 17:right_middle_DIP_joint, 18:right_ring_DIP_joint, 19:right_thumb_PIP_joint, 20:right_thumb_DIP_joint

frame=000 t= 0.000s reward=-2.150006 done=0 jointpos=[+0.236087, -0.237385, +0.119796, -0.244000, +1.672018, +1.113018, +1.131413, +0.834470, +0.836905, +1.035257, +0.265063, +0.382624, +0.001265, +0.313265, +0.367440, +0.096841, +0.152702, +0.182578, +0.178421, +0.273231, +0.172552]
frame=001 t= 0.050s reward=-1.444716 done=0 jointpos=[+0.220862, -0.208103, +0.010461, -0.238075, +1.700745, +1.203552, +1.126800, +0.910334, +0.774696, +1.073050, +0.396593, +0.331181, +0.094065, +0.346821, +0.384295, +0.057542, +0.162179, +0.204636, +0.220139, +0.310586, +0.161690]
frame=002 t= 0.100s reward=+0.671664 done=0 jointpos=[+0.255788, -0.217271, -0.013639, -0.232436, +1.723334, +1.266019, +1.156606, +0.895955, +0.780237, +1.071909, +0.443729, +0.281816, +0.159063, +0.393186, +0.354767, +0.015345, +0.170655, +0.175087, +0.171667, +0.341008, +0.139607]
frame=003 t= 0.150s reward=-0.230311 done=0 jointpos=[+0.261800, -0.203196, -0.020780, -0.233507, +1.724238, +1.247225, +1.148065, +0.876286, +0.775885, +1.043776, +0.443729, +0.290023, +0.176428, +0.404109, +0.366886, +0.007187, +0.188969, +0.186349, +0.139345, +0.350188, +0.124133]
frame=004 t= 0.200s reward=+0.110018 done=0 jointpos=[+0.261800, -0.182328, -0.035038, -0.242360, +1.725099, +1.195372, +1.126125, +0.860565, +0.782444, +0.998530, +0.478347, +0.341738, +0.174965, +0.381283, +0.402657, +0.033081, +0.179383, +0.170207, +0.132325, +0.354463, +0.082513]
frame=005 t= 0.250s reward=-1.129815 done=0 jointpos=[+0.261800, -0.174451, -0.037037, -0.245756, +1.724571, +1.167529, +1.121408, +0.861600, +0.800737, +0.956300, +0.520213, +0.372222, +0.180080, +0.355401, +0.433780, +0.043139, +0.144725, +0.133574, +0.123950, +0.339351, +0.040814]
frame=006 t= 0.300s reward=-1.657268 done=0 jointpos=[+0.261800, -0.169232, -0.029456, -0.241170, +1.725022, +1.160627, +1.126634, +0.859109, +0.813621, +0.916764, +0.533146, +0.355592, +0.191150, +0.335992, +0.462754, +0.036870, +0.142247, +0.112731, +0.088057, +0.322103, +0.021691]
frame=007 t= 0.350s reward=+0.422793 done=0 jointpos=[+0.261800, -0.155551, -0.021559, -0.240817, +1.725441, +1.143345, +1.139133, +0.839791, +0.820764, +0.893843, +0.533406, +0.318383, +0.222351, +0.316312, +0.490628, +0.023591, +0.138457, +0.088356, +0.067955, +0.315924, +0.008516]
frame=008 t= 0.400s reward=-1.712090 done=0 jointpos=[+0.261800, -0.137046, +0.000531, -0.244693, +1.725400, +1.118512, +1.158692, +0.813527, +0.829327, +0.893838, +0.522271, +0.289939, +0.268586, +0.302052, +0.507459, +0.028655, +0.120259, +0.090604, +0.040449, +0.309725, +0.000000]
frame=009 t= 0.450s reward=+0.709775 done=0 jointpos=[+0.261800, -0.137518, +0.033679, -0.248170, +1.725398, +1.125098, +1.171233, +0.802082, +0.839175, +0.893826, +0.501091, +0.293969, +0.316646, +0.299327, +0.504979, +0.058593, +0.092030, +0.090848, +0.018047, +0.305537, +0.000000]
frame=010 t= 0.500s reward=-0.583361 done=0 jointpos=[+0.261800, -0.142302, +0.078059, -0.248790, +1.725350, +1.142516, +1.176814, +0.804558, +0.848959, +0.893772, +0.457161, +0.331104, +0.354748, +0.299667, +0.485262, +0.072909, +0.053237, +0.081169, +0.000372, +0.317050, +0.011389]
frame=011 t= 0.550s reward=-0.808054 done=0 jointpos=[+0.261800, -0.138108, +0.129421, -0.224135, +1.725315, +1.164192, +1.183649, +0.811345, +0.850954, +0.893789, +0.403776, +0.399473, +0.372076, +0.284606, +0.471225, +0.062407, +0.035789, +0.080437, -0.000000, +0.325060, +0.044275]
frame=012 t= 0.600s reward=+0.823632 done=0 jointpos=[+0.261800, -0.129921, +0.179394, -0.180102, +1.725283, +1.191954, +1.204788, +0.828391, +0.843692, +0.893730, +0.360007, +0.485838, +0.357852, +0.268408, +0.461576, +0.050533, +0.031598, +0.058789, +0.000000, +0.344102, +0.071743]
frame=013 t= 0.650s reward=+0.764456 done=0 jointpos=[+0.261800, -0.147988, +0.213213, -0.141616, +1.724587, +1.235974, +1.205511, +0.862964, +0.831604, +0.893394, +0.318328, +0.547119, +0.329523, +0.282352, +0.450837, +0.041790, +0.060984, +0.039082, -0.000000, +0.339487, +0.082809]
frame=014 t= 0.700s reward=+0.875405 done=0 jointpos=[+0.261800, -0.184448, +0.213274, -0.119930, +1.724560, +1.254868, +1.172588, +0.885956, +0.826276, +0.893409, +0.278522, +0.581279, +0.303630, +0.291071, +0.435682, +0.035636, +0.086636, +0.013822, -0.000000, +0.341182, +0.108310]
frame=015 t= 0.750s reward=+0.651684 done=0 jointpos=[+0.261800, -0.219090, +0.205491, -0.115418, +1.724522, +1.276271, +1.113047, +0.899586, +0.842155, +0.893388, +0.244426, +0.596358, +0.303512, +0.281459, +0.414390, +0.026927, +0.078440, -0.000000, -0.000000, +0.333977, +0.144000]
frame=016 t= 0.800s reward=+0.109894 done=0 jointpos=[+0.255049, -0.233156, +0.193311, -0.134092, +1.725259, +1.285594, +1.047505, +0.915112, +0.871969, +0.893772, +0.211824, +0.612228, +0.299769, +0.261443, +0.390266, +0.004214, +0.050153, +0.000000, -0.000000, +0.327083, +0.178798]
frame=017 t= 0.850s reward=+0.787262 done=0 jointpos=[+0.253434, -0.224774, +0.174704, -0.164386, +1.728544, +1.300010, +0.997033, +0.931557, +0.909650, +0.895401, +0.229217, +0.641919, +0.304452, +0.238927, +0.362899, +0.000247, +0.008070, +0.000000, -0.000000, +0.314802, +0.210032]
frame=018 t= 0.900s reward=-0.648443 done=0 jointpos=[+0.253988, -0.210200, +0.138667, -0.205361, +1.732240, +1.331805, +0.970386, +0.934603, +0.939311, +0.897961, +0.282721, +0.680725, +0.314439, +0.212612, +0.337668, +0.000247, +0.000000, +0.000000, -0.000000, +0.324478, +0.220836]
frame=019 t= 0.950s reward=+1.015854 done=0 jointpos=[+0.261800, -0.219778, +0.106876, -0.238279, +1.733548, +1.319903, +0.984841, +0.923138, +0.951254, +0.931019, +0.303722, +0.696780, +0.312604, +0.206066, +0.331639, +0.000247, +0.000000, +0.039624, +0.005909, +0.321780, +0.208633]
frame=020 t= 1.000s reward=+1.052029 done=0 jointpos=[+0.261800, -0.219488, +0.065283, -0.259602, +1.734462, +1.288080, +1.017882, +0.915036, +0.942947, +0.978816, +0.296617, +0.679692, +0.288924, +0.221498, +0.327829, +0.000269, +0.000373, +0.079436, +0.049705, +0.323941, +0.185958]
frame=021 t= 1.050s reward=+0.229032 done=0 jointpos=[+0.261800, -0.217789, +0.047939, -0.245711, +1.734765, +1.280280, +1.052585, +0.925130, +0.921868, +1.009879, +0.282095, +0.645640, +0.256423, +0.260631, +0.331902, +0.000269, -0.000000, +0.102929, +0.090673, +0.310620, +0.156640]
frame=022 t= 1.100s reward=-0.949673 done=0 jointpos=[+0.261800, -0.219398, +0.052457, -0.227111, +1.735956, +1.287059, +1.073104, +0.935346, +0.895370, +1.019970, +0.277035, +0.607646, +0.235955, +0.304258, +0.335250, +0.027487, +0.005611, +0.128874, +0.128440, +0.301317, +0.142583]
frame=023 t= 1.150s reward=+1.123830 done=0 jointpos=[+0.261800, -0.212883, +0.058819, -0.233141, +1.733732, +1.283121, +1.083918, +0.938246, +0.878411, +1.029207, +0.271693, +0.574719, +0.232938, +0.339403, +0.345814, +0.040442, +0.041018, +0.107720, +0.135541, +0.288228, +0.125542]
frame=024 t= 1.200s reward=+0.855737 done=0 jointpos=[+0.261800, -0.206728, +0.051486, -0.242010, +1.729867, +1.269721, +1.101261, +0.931442, +0.861666, +1.041353, +0.281129, +0.550614, +0.232126, +0.373314, +0.346967, +0.063113, +0.041902, +0.128099, +0.140375, +0.288400, +0.118738]
frame=025 t= 1.250s reward=+0.640642 done=0 jointpos=[+0.261800, -0.198585, +0.042457, -0.244814, +1.724263, +1.251963, +1.120760, +0.928369, +0.860196, +1.050665, +0.297496, +0.526792, +0.231705, +0.381632, +0.343933, +0.089060, +0.039892, +0.124923, +0.137710, +0.286332, +0.130880]
frame=026 t= 1.300s reward=+0.520989 done=0 jointpos=[+0.261800, -0.185092, +0.029584, -0.248618, +1.722354, +1.221329, +1.142099, +0.928815, +0.869518, +1.028177, +0.330719, +0.507076, +0.223648, +0.375349, +0.361611, +0.097408, +0.039778, +0.117873, +0.128650, +0.270180, +0.125958]
frame=027 t= 1.350s reward=+0.035602 done=0 jointpos=[+0.261800, -0.164004, +0.017508, -0.251908, +1.721348, +1.180418, +1.158764, +0.930700, +0.877106, +0.973101, +0.373853, +0.490753, +0.209806, +0.370034, +0.380512, +0.090167, +0.039778, +0.100252, +0.122069, +0.266329, +0.133576]
frame=028 t= 1.400s reward=+1.040876 done=0 jointpos=[+0.261800, -0.138889, +0.012104, -0.246724, +1.722198, +1.144207, +1.166208, +0.919075, +0.875179, +0.926243, +0.407921, +0.471145, +0.209867, +0.370885, +0.396003, +0.090813, +0.023743, +0.104270, +0.108738, +0.276931, +0.151069]
frame=029 t= 1.450s reward=+1.050117 done=0 jointpos=[+0.261800, -0.104880, +0.018751, -0.245360, +1.724911, +1.104139, +1.184985, +0.897821, +0.882854, +0.892281, +0.434101, +0.441409, +0.235079, +0.356024, +0.418727, +0.096275, +0.021663, +0.113821, +0.102570, +0.284833, +0.163748]
frame=030 t= 1.500s reward=+0.900769 done=0 jointpos=[+0.261800, -0.094385, +0.048500, -0.239768, +1.724921, +1.083921, +1.215512, +0.879911, +0.893305, +0.892288, +0.456618, +0.391234, +0.282787, +0.336961, +0.411670, +0.093125, +0.007425, +0.124757, +0.098278, +0.295225, +0.171154]
frame=031 t= 1.550s reward=-1.081391 done=0 jointpos=[+0.261800, -0.095474, +0.094919, -0.214917, +1.724919, +1.097760, +1.240019, +0.873655, +0.900623, +0.892247, +0.426892, +0.363202, +0.315348, +0.315754, +0.404233, +0.084447, +0.000883, +0.152819, +0.104183, +0.301979, +0.153049]
frame=032 t= 1.600s reward=+1.026420 done=0 jointpos=[+0.261800, -0.091271, +0.146055, -0.173640, +1.724880, +1.115648, +1.240281, +0.890716, +0.899131, +0.892240, +0.378794, +0.387266, +0.299093, +0.289479, +0.393585, +0.106315, +0.000883, +0.161852, +0.117368, +0.316646, +0.157814]
frame=033 t= 1.650s reward=+0.988142 done=0 jointpos=[+0.261800, -0.102708, +0.190514, -0.121151, +1.724821, +1.137941, +1.238419, +0.918885, +0.904318, +0.892204, +0.336425, +0.454637, +0.270359, +0.258884, +0.385346, +0.129544, +0.000883, +0.170831, +0.118865, +0.317347, +0.152118]
frame=034 t= 1.700s reward=+1.019742 done=0 jointpos=[+0.261800, -0.130153, +0.214040, -0.080189, +1.724780, +1.164699, +1.239259, +0.944913, +0.906940, +0.892175, +0.300372, +0.530875, +0.254315, +0.255220, +0.378394, +0.135412, +0.026089, +0.154582, +0.125263, +0.305474, +0.142494]
frame=035 t= 1.750s reward=+1.018293 done=0 jointpos=[+0.261800, -0.159830, +0.218017, -0.042360, +1.724790, +1.189847, +1.218249, +0.974259, +0.917840, +0.892196, +0.269402, +0.578423, +0.234327, +0.249476, +0.359415, +0.119645, +0.049567, +0.113286, +0.097493, +0.302222, +0.152778]
frame=036 t= 1.800s reward=+0.173576 done=0 jointpos=[+0.261800, -0.175783, +0.217249, -0.046678, +1.724771, +1.212221, +1.164236, +0.995839, +0.932116, +0.892195, +0.235047, +0.568275, +0.218797, +0.242875, +0.356604, +0.117790, +0.068546, +0.072373, +0.093187, +0.282679, +0.159197]
frame=037 t= 1.850s reward=+0.533496 done=0 jointpos=[+0.261782, -0.186524, +0.206935, -0.080563, +1.724761, +1.219197, +1.095160, +0.995765, +0.948104, +0.892211, +0.231041, +0.523184, +0.238852, +0.246710, +0.351728, +0.122274, +0.051500, +0.060236, +0.083482, +0.265650, +0.172123]
frame=038 t= 1.900s reward=+1.029615 done=0 jointpos=[+0.261770, -0.187944, +0.180759, -0.127347, +1.724917, +1.216034, +1.035083, +0.968401, +0.952651, +0.892275, +0.268841, +0.495959, +0.294736, +0.254609, +0.342737, +0.103260, +0.024015, +0.032347, +0.068892, +0.266757, +0.213160]
frame=039 t= 1.950s reward=+0.649912 done=0 jointpos=[+0.261800, -0.172854, +0.137120, -0.172939, +1.726262, +1.227473, +0.995957, +0.927512, +0.950506, +0.892901, +0.317898, +0.508968, +0.354653, +0.255706, +0.336462, +0.061778, +0.007353, +0.028345, +0.042880, +0.278209, +0.246741]
frame=040 t= 2.000s reward=-0.090450 done=0 jointpos=[+0.259671, -0.157237, +0.088496, -0.213843, +1.729370, +1.288140, +0.971182, +0.896273, +0.944758, +0.894344, +0.363367, +0.544539, +0.386221, +0.235318, +0.332084, +0.020273, +0.023865, +0.051671, +0.011708, +0.304437, +0.229049]
frame=041 t= 2.050s reward=+1.036972 done=0 jointpos=[+0.256224, -0.170611, +0.051401, -0.240026, +1.731768, +1.362495, +0.950255, +0.882325, +0.936088, +0.903975, +0.383099, +0.572571, +0.366374, +0.215645, +0.318798, +0.000000, +0.051745, +0.086533, +0.022467, +0.357198, +0.201907]
frame=042 t= 2.100s reward=+1.003866 done=0 jointpos=[+0.260047, -0.178526, +0.005933, -0.243686, +1.731788, +1.346380, +0.957891, +0.884553, +0.929805, +0.931417, +0.349609, +0.587432, +0.331393, +0.236376, +0.288888, +0.000000, +0.093305, +0.119827, +0.065814, +0.402258, +0.193034]
frame=043 t= 2.150s reward=+1.067423 done=0 jointpos=[+0.261800, -0.187263, -0.035830, -0.221302, +1.733258, +1.323027, +0.981595, +0.883904, +0.902040, +0.973385, +0.309785, +0.592415, +0.304977, +0.265875, +0.281000, +0.000205, +0.072123, +0.128350, +0.107549, +0.399743, +0.203483]
frame=044 t= 2.200s reward=+1.076816 done=0 jointpos=[+0.261740, -0.200019, -0.030149, -0.175029, +1.733367, +1.326303, +1.008311, +0.894478, +0.878200, +1.005175, +0.276824, +0.598888, +0.292018, +0.308127, +0.287310, +0.003607, +0.052453, +0.155059, +0.149069, +0.367790, +0.180378]
frame=045 t= 2.250s reward=+1.056035 done=0 jointpos=[+0.261800, -0.214399, +0.019880, -0.175975, +1.733755, +1.325256, +1.029596, +0.923324, +0.865756, +1.035005, +0.260612, +0.615225, +0.266680, +0.342031, +0.282780, +0.031376, +0.049234, +0.159280, +0.190467, +0.351250, +0.168710]
frame=046 t= 2.300s reward=+0.902515 done=0 jointpos=[+0.261800, -0.217840, +0.078880, -0.207805, +1.731372, +1.305274, +1.051724, +0.946721, +0.864874, +1.062159, +0.261296, +0.625507, +0.243611, +0.362474, +0.280094, +0.051442, +0.028193, +0.147864, +0.187693, +0.346639, +0.166244]
frame=047 t= 2.350s reward=+0.456000 done=0 jointpos=[+0.261800, -0.219277, +0.115937, -0.234882, +1.727652, +1.290087, +1.075538, +0.952496, +0.869774, +1.077606, +0.268078, +0.617121, +0.240184, +0.375002, +0.282972, +0.077558, +0.010172, +0.175873, +0.184360, +0.337420, +0.152314]
frame=048 t= 2.400s reward=+0.730908 done=0 jointpos=[+0.261800, -0.217037, +0.113579, -0.246538, +1.723550, +1.277446, +1.088351, +0.957563, +0.867858, +1.065861, +0.280981, +0.603305, +0.243772, +0.386249, +0.283856, +0.102484, +0.005210, +0.147561, +0.198169, +0.330351, +0.165696]
frame=049 t= 2.450s reward=+1.083480 done=0 jointpos=[+0.261800, -0.207838, +0.097162, -0.252237, +1.723715, +1.251264, +1.100274, +0.962040, +0.864759, +1.017397, +0.303788, +0.604703, +0.227937, +0.398090, +0.300351, +0.115861, +0.001336, +0.139622, +0.202788, +0.316981, +0.177511]
frame=050 t= 2.500s reward=+1.041798 done=0 jointpos=[+0.261800, -0.184762, +0.079157, -0.249908, +1.722645, +1.211626, +1.110592, +0.966714, +0.870850, +0.958795, +0.338008, +0.603456, +0.198984, +0.389965, +0.321856, +0.122433, +0.000873, +0.130687, +0.195274, +0.311151, +0.187769]
frame=051 t= 2.550s reward=+0.229624 done=0 jointpos=[+0.261800, -0.165849, +0.076150, -0.245460, +1.723585, +1.177466, +1.116642, +0.972441, +0.881270, +0.923627, +0.377611, +0.585294, +0.170813, +0.369244, +0.346818, +0.118891, +0.000226, +0.122815, +0.188403, +0.294959, +0.196312]
frame=052 t= 2.600s reward=+1.037821 done=0 jointpos=[+0.261800, -0.147307, +0.080630, -0.240460, +1.724717, +1.147169, +1.116557, +0.967521, +0.895702, +0.892609, +0.416293, +0.563817, +0.161374, +0.335382, +0.369850, +0.103060, +0.002172, +0.123468, +0.179770, +0.298614, +0.192186]
frame=053 t= 2.650s reward=+0.997894 done=0 jointpos=[+0.261800, -0.145048, +0.104338, -0.228261, +1.724684, +1.133520, +1.118564, +0.959552, +0.899826, +0.892613, +0.440582, +0.547390, +0.177870, +0.312060, +0.372372, +0.101691, +0.002017, +0.131650, +0.192819, +0.302046, +0.189839]
frame=054 t= 2.700s reward=+1.037760 done=0 jointpos=[+0.261800, -0.147659, +0.149586, -0.199076, +1.724683, +1.145181, +1.137987, +0.957415, +0.902115, +0.892608, +0.418971, +0.538171, +0.207466, +0.297638, +0.367296, +0.101288, +0.001908, +0.127678, +0.178100, +0.301273, +0.198588]
frame=055 t= 2.750s reward=+0.570749 done=0 jointpos=[+0.261800, -0.154379, +0.200787, -0.169444, +1.724683, +1.164693, +1.168859, +0.962637, +0.906149, +0.892585, +0.376236, +0.557897, +0.226604, +0.276842, +0.363746, +0.098491, +0.019243, +0.129233, +0.162449, +0.297926, +0.204872]
frame=056 t= 2.800s reward=+1.022945 done=0 jointpos=[+0.261800, -0.170568, +0.230254, -0.156220, +1.724681, +1.180300, +1.192987, +0.975399, +0.912641, +0.892572, +0.349690, +0.612047, +0.220420, +0.262495, +0.364266, +0.104820, +0.051139, +0.120012, +0.159105, +0.292646, +0.199090]
frame=057 t= 2.850s reward=+0.541998 done=0 jointpos=[+0.261800, -0.186716, +0.232132, -0.157167, +1.724648, +1.195814, +1.200246, +0.987753, +0.917616, +0.892585, +0.320925, +0.658294, +0.206863, +0.262432, +0.365234, +0.107503, +0.070339, +0.105139, +0.153808, +0.284382, +0.192630]
frame=058 t= 2.900s reward=+1.005612 done=0 jointpos=[+0.261800, -0.204030, +0.224644, -0.163219, +1.724658, +1.215196, +1.168489, +0.996728, +0.928764, +0.892568, +0.297306, +0.647353, +0.217236, +0.272502, +0.356029, +0.113610, +0.048758, +0.078382, +0.127897, +0.272186, +0.197757]
frame=059 t= 2.950s reward=+1.004505 done=0 jointpos=[+0.261800, -0.222021, +0.208642, -0.182589, +1.724652, +1.231065, +1.098212, +0.991165, +0.940142, +0.892583, +0.288257, +0.591290, +0.250673, +0.276518, +0.337765, +0.111732, +0.038150, +0.060055, +0.126435, +0.269837, +0.228550]
frame=060 t= 3.000s reward=+0.900624 done=0 jointpos=[+0.260569, -0.224534, +0.174620, -0.217769, +1.725769, +1.258994, +1.020545, +0.958408, +0.943468, +0.893136, +0.299331, +0.548423, +0.297257, +0.263359, +0.328557, +0.077998, +0.031087, +0.060107, +0.103914, +0.287380, +0.258085]
frame=061 t= 3.050s reward=+0.993509 done=0 jointpos=[+0.252738, -0.212409, +0.127840, -0.241922, +1.729523, +1.324482, +0.966218, +0.912016, +0.937154, +0.894903, +0.326749, +0.547859, +0.354664, +0.252249, +0.322436, +0.040343, +0.031087, +0.089832, +0.067489, +0.317659, +0.258467]
frame=062 t= 3.100s reward=+1.020580 done=0 jointpos=[+0.232744, -0.195399, +0.081318, -0.244025, +1.732804, +1.369762, +0.947898, +0.882094, +0.925293, +0.900078, +0.327193, +0.574620, +0.383433, +0.246555, +0.300866, +0.000000, +0.066438, +0.102417, +0.063673, +0.369024, +0.253424]
frame=063 t= 3.150s reward=+1.015288 done=0 jointpos=[+0.238018, -0.189040, +0.042264, -0.243743, +1.732750, +1.343985, +0.951551, +0.876019, +0.908685, +0.932618, +0.291642, +0.590564, +0.354648, +0.257905, +0.270915, +0.000121, +0.106936, +0.139613, +0.097481, +0.415421, +0.252691]
frame=064 t= 3.200s reward=-1.436380 done=0 jointpos=[+0.261786, -0.189050, +0.019221, -0.219558, +1.734164, +1.328729, +0.977561, +0.886739, +0.894532, +0.990565, +0.265079, +0.592204, +0.323166, +0.282149, +0.257402, +0.000176, +0.089416, +0.142986, +0.138677, +0.410954, +0.246409]
frame=065 t= 3.250s reward=+0.983162 done=0 jointpos=[+0.261800, -0.195887, +0.032611, -0.200545, +1.733722, +1.328513, +1.007546, +0.903531, +0.883068, +1.013371, +0.267480, +0.597219, +0.313935, +0.300703, +0.254617, +0.015460, +0.049862, +0.135555, +0.174986, +0.389422, +0.243231]
frame=066 t= 3.300s reward=+0.766780 done=0 jointpos=[+0.261800, -0.201769, +0.081782, -0.210340, +1.733139, +1.314772, +1.021553, +0.916540, +0.878374, +1.038529, +0.279376, +0.609125, +0.304664, +0.324593, +0.263661, +0.043794, +0.018009, +0.143583, +0.201363, +0.371289, +0.214590]
frame=067 t= 3.350s reward=+0.987260 done=0 jointpos=[+0.261800, -0.206524, +0.133673, -0.236600, +1.731287, +1.295380, +1.034616, +0.937275, +0.870746, +1.064195, +0.287854, +0.619417, +0.283234, +0.351148, +0.269046, +0.057578, +0.026947, +0.152910, +0.213056, +0.363087, +0.182275]
frame=068 t= 3.400s reward=-0.211222 done=0 jointpos=[+0.261800, -0.208085, +0.141990, -0.245824, +1.726876, +1.287982, +1.047049, +0.955608, +0.872864, +1.061503, +0.290656, +0.614437, +0.257627, +0.363142, +0.279583, +0.069487, +0.021596, +0.143270, +0.202974, +0.340053, +0.178549]
frame=069 t= 3.450s reward=+1.090125 done=0 jointpos=[+0.261800, -0.209961, +0.126602, -0.246277, +1.724144, +1.275551, +1.063103, +0.965072, +0.874162, +1.044229, +0.299284, +0.613027, +0.237163, +0.367351, +0.284516, +0.084335, +0.018835, +0.143103, +0.213026, +0.322305, +0.194886]
frame=070 t= 3.500s reward=+1.072873 done=0 jointpos=[+0.261800, -0.200271, +0.096776, -0.246224, +1.724087, +1.238657, +1.088499, +0.970911, +0.877196, +0.997553, +0.326149, +0.613014, +0.210566, +0.374472, +0.300844, +0.093350, +0.012056, +0.144044, +0.206370, +0.312933, +0.193924]
frame=071 t= 3.550s reward=+1.080365 done=0 jointpos=[+0.261800, -0.181592, +0.068710, -0.245596, +1.723155, +1.197730, +1.116707, +0.975703, +0.879109, +0.946408, +0.360984, +0.607383, +0.187730, +0.381926, +0.321048, +0.108705, -0.000000, +0.144534, +0.211307, +0.297568, +0.198253]
frame=072 t= 3.600s reward=-1.074820 done=0 jointpos=[+0.261800, -0.161733, +0.062093, -0.243960, +1.723835, +1.166409, +1.126172, +0.972520, +0.886353, +0.908283, +0.391925, +0.591209, +0.184851, +0.371084, +0.345445, +0.118747, +0.000000, +0.123363, +0.205196, +0.290543, +0.187040]
frame=073 t= 3.650s reward=+1.064674 done=0 jointpos=[+0.261800, -0.144350, +0.082924, -0.239902, +1.723936, +1.138397, +1.127463, +0.964648, +0.889731, +0.891709, +0.420519, +0.579428, +0.186947, +0.353175, +0.364895, +0.129317, +0.000000, +0.131624, +0.213412, +0.287879, +0.186398]
frame=074 t= 3.700s reward=+0.689187 done=0 jointpos=[+0.261800, -0.138611, +0.126329, -0.209650, +1.724010, +1.121537, +1.128190, +0.967260, +0.894047, +0.891760, +0.445097, +0.566276, +0.187905, +0.325623, +0.368197, +0.129211, +0.000000, +0.119211, +0.206370, +0.291997, +0.191332]
frame=075 t= 3.750s reward=+0.811316 done=0 jointpos=[+0.261800, -0.134665, +0.177983, -0.164487, +1.724005, +1.130047, +1.161991, +0.976656, +0.896786, +0.891763, +0.428673, +0.557555, +0.185664, +0.295253, +0.365280, +0.108000, +0.000000, +0.123846, +0.188530, +0.297270, +0.195696]
frame=076 t= 3.800s reward=+1.000934 done=0 jointpos=[+0.261800, -0.144385, +0.219531, -0.131884, +1.723967, +1.149556, +1.197196, +0.991874, +0.909907, +0.891746, +0.392934, +0.567006, +0.183136, +0.259070, +0.359180, +0.103140, +0.013152, +0.135510, +0.185475, +0.295715, +0.190088]
frame=077 t= 3.850s reward=+1.022490 done=0 jointpos=[+0.261800, -0.163206, +0.234388, -0.128316, +1.723916, +1.170042, +1.219191, +1.003591, +0.923765, +0.891709, +0.364278, +0.610882, +0.180636, +0.240072, +0.350353, +0.110376, +0.050553, +0.132223, +0.182592, +0.297229, +0.186635]
frame=078 t= 3.900s reward=+0.661584 done=0 jointpos=[+0.261800, -0.188924, +0.236617, -0.134119, +1.723906, +1.193075, +1.206078, +1.011327, +0.935494, +0.891694, +0.331921, +0.638805, +0.189157, +0.245651, +0.341388, +0.108842, +0.074819, +0.119980, +0.164011, +0.292277, +0.183322]
frame=079 t= 3.950s reward=+0.173682 done=0 jointpos=[+0.261800, -0.211390, +0.224022, -0.161312, +1.723909, +1.219522, +1.147431, +1.003753, +0.940267, +0.891710, +0.301887, +0.612692, +0.216160, +0.255413, +0.338249, +0.099484, +0.069759, +0.089166, +0.148148, +0.283314, +0.201732]
frame=080 t= 4.000s reward=+0.790096 done=0 jointpos=[+0.261800, -0.227831, +0.193010, -0.197085, +1.724280, +1.249441, +1.067340, +0.976927, +0.940576, +0.891869, +0.299078, +0.559945, +0.256145, +0.257297, +0.336111, +0.089948, +0.041091, +0.076522, +0.109031, +0.284943, +0.233523]
frame=081 t= 4.050s reward=+0.953649 done=0 jointpos=[+0.254124, -0.229279, +0.154724, -0.228172, +1.726732, +1.296137, +1.000960, +0.946026, +0.933710, +0.893025, +0.303967, +0.528998, +0.304766, +0.257138, +0.326337, +0.056233, +0.028901, +0.081424, +0.084771, +0.298745, +0.251625]
frame=082 t= 4.100s reward=+0.954354 done=0 jointpos=[+0.228265, -0.213200, +0.115431, -0.243836, +1.729387, +1.351433, +0.964426, +0.919966, +0.927999, +0.894251, +0.303967, +0.541768, +0.353289, +0.255884, +0.298498, +0.014891, +0.054614, +0.091572, +0.062530, +0.339617, +0.254082]
frame=083 t= 4.150s reward=+0.965227 done=0 jointpos=[+0.214152, -0.198042, +0.079059, -0.244523, +1.733101, +1.358665, +0.957772, +0.899335, +0.922749, +0.903555, +0.295658, +0.582720, +0.382068, +0.251855, +0.265701, +0.000000, +0.072931, +0.115923, +0.068602, +0.385809, +0.265127]
frame=084 t= 4.200s reward=+0.985478 done=0 jointpos=[+0.242432, -0.183530, +0.048800, -0.234112, +1.732206, +1.326174, +0.966271, +0.889184, +0.909502, +0.949673, +0.288143, +0.613059, +0.363486, +0.276030, +0.235957, +0.000000, +0.089051, +0.141341, +0.112453, +0.424331, +0.274599]
frame=085 t= 4.250s reward=+0.631286 done=0 jointpos=[+0.261800, -0.176296, +0.032798, -0.223760, +1.733332, +1.299719, +0.992823, +0.891344, +0.887518, +1.001245, +0.285890, +0.610808, +0.335889, +0.308968, +0.232263, +0.000258, +0.081121, +0.154345, +0.154029, +0.423217, +0.266999]
frame=086 t= 4.300s reward=+0.655591 done=0 jointpos=[+0.261800, -0.193455, +0.054890, -0.223255, +1.732883, +1.285417, +1.028341, +0.908375, +0.874206, +1.036315, +0.282847, +0.615941, +0.307342, +0.323474, +0.247978, +0.041912, +0.056482, +0.156377, +0.194690, +0.392918, +0.232192]
frame=087 t= 4.350s reward=+0.925615 done=0 jointpos=[+0.261800, -0.204120, +0.109814, -0.232658, +1.732403, +1.272318, +1.048165, +0.934527, +0.886107, +1.057858, +0.290142, +0.636159, +0.272408, +0.334375, +0.262041, +0.073760, +0.032724, +0.149116, +0.217155, +0.371266, +0.196604]
frame=088 t= 4.400s reward=-0.640416 done=0 jointpos=[+0.261800, -0.208807, +0.151836, -0.242889, +1.729974, +1.266243, +1.053237, +0.956961, +0.877052, +1.058428, +0.300306, +0.643293, +0.244635, +0.358709, +0.271456, +0.085636, +0.015872, +0.146100, +0.215634, +0.357028, +0.185123]
frame=089 t= 4.450s reward=+0.926479 done=0 jointpos=[+0.261800, -0.204280, +0.147094, -0.245798, +1.725118, +1.258156, +1.056790, +0.966551, +0.864643, +1.045648, +0.303610, +0.644371, +0.225433, +0.384411, +0.280560, +0.087039, +0.024973, +0.145841, +0.220504, +0.341015, +0.195774]
frame=090 t= 4.500s reward=+1.120811 done=0 jointpos=[+0.261800, -0.195169, +0.116330, -0.246848, +1.724545, +1.225964, +1.081262, +0.967054, +0.871189, +1.007735, +0.320922, +0.643595, +0.213326, +0.382645, +0.299833, +0.111286, +0.002577, +0.135832, +0.214044, +0.318932, +0.210585]
frame=091 t= 4.550s reward=+1.110870 done=0 jointpos=[+0.261800, -0.175505, +0.075341, -0.248920, +1.723848, +1.186200, +1.123256, +0.970775, +0.885888, +0.955850, +0.348635, +0.635550, +0.200224, +0.372862, +0.316379, +0.118797, +0.001008, +0.132574, +0.217603, +0.301110, +0.216929]
frame=092 t= 4.600s reward=+1.118420 done=0 jointpos=[+0.261800, -0.159034, +0.067109, -0.248636, +1.724229, +1.156407, +1.144396, +0.976966, +0.891339, +0.915405, +0.378151, +0.616217, +0.183374, +0.369687, +0.330094, +0.122578, +0.001008, +0.124014, +0.219424, +0.299881, +0.217884]
frame=093 t= 4.650s reward=+1.109912 done=0 jointpos=[+0.261800, -0.136057, +0.103897, -0.234824, +1.724985, +1.126304, +1.155928, +0.979905, +0.896360, +0.893399, +0.406418, +0.601057, +0.176655, +0.356747, +0.353894, +0.122358, +0.001008, +0.120993, +0.208240, +0.287416, +0.216996]
frame=094 t= 4.700s reward=+1.101955 done=0 jointpos=[+0.261800, -0.128738, +0.161610, -0.195072, +1.724951, +1.104040, +1.166011, +0.981897, +0.901026, +0.893393, +0.435159, +0.588546, +0.185177, +0.319505, +0.352359, +0.128134, +0.001008, +0.120728, +0.217843, +0.296959, +0.218921]
frame=095 t= 4.750s reward=-0.047520 done=0 jointpos=[+0.261800, -0.104895, +0.212710, -0.153144, +1.724978, +1.093544, +1.212252, +0.971972, +0.893727, +0.893365, +0.440590, +0.574664, +0.186123, +0.280901, +0.359214, +0.120084, +0.001008, +0.129556, +0.226784, +0.326420, +0.213521]
frame=096 t= 4.800s reward=+1.063451 done=0 jointpos=[+0.261800, -0.110153, +0.232098, -0.108617, +1.724944, +1.108689, +1.275620, +0.979832, +0.903814, +0.893374, +0.420205, +0.583863, +0.181371, +0.244606, +0.357637, +0.120516, +0.012597, +0.163854, +0.225125, +0.329288, +0.179081]
frame=097 t= 4.850s reward=+1.043028 done=0 jointpos=[+0.261800, -0.144597, +0.232306, -0.100959, +1.724920, +1.133106, +1.269381, +0.998388, +0.919108, +0.893359, +0.376433, +0.614266, +0.158794, +0.224024, +0.354761, +0.126850, +0.055261, +0.161442, +0.221802, +0.327252, +0.151439]
frame=098 t= 4.900s reward=+0.771145 done=0 jointpos=[+0.261800, -0.172439, +0.229108, -0.111189, +1.724894, +1.155978, +1.185825, +1.022204, +0.936154, +0.893361, +0.346253, +0.616509, +0.143600, +0.230710, +0.342710, +0.119799, +0.096940, +0.130996, +0.196418, +0.314999, +0.158690]
frame=099 t= 4.950s reward=+0.769231 done=0 jointpos=[+0.261800, -0.194135, +0.215850, -0.136998, +1.724890, +1.178208, +1.080819, +1.024963, +0.948281, +0.893359, +0.324274, +0.573300, +0.158864, +0.246137, +0.338091, +0.107920, +0.097238, +0.108051, +0.160623, +0.296064, +0.174939]
frame=100 t= 5.000s reward=+1.084189 done=0 jointpos=[+0.261800, -0.202056, +0.183977, -0.178161, +1.724919, +1.202100, +1.011155, +0.997513, +0.948465, +0.893363, +0.326730, +0.526482, +0.205929, +0.252200, +0.338800, +0.091276, +0.078308, +0.086170, +0.131343, +0.287526, +0.209832]
frame=101 t= 5.050s reward=+0.785104 done=0 jointpos=[+0.261169, -0.191757, +0.138674, -0.224453, +1.725100, +1.261126, +0.990306, +0.944044, +0.934848, +0.893443, +0.363549, +0.519545, +0.266912, +0.248494, +0.346876, +0.051244, +0.041468, +0.079661, +0.089241, +0.300333, +0.239052]
frame=102 t= 5.100s reward=+0.660879 done=0 jointpos=[+0.253225, -0.195464, +0.104677, -0.246832, +1.728402, +1.356599, +0.985336, +0.903531, +0.909890, +0.895110, +0.392167, +0.546107, +0.324499, +0.241031, +0.335192, +0.016479, +0.042554, +0.093332, +0.047861, +0.332818, +0.243009]
frame=103 t= 5.150s reward=+1.014995 done=0 jointpos=[+0.234441, -0.200680, +0.074716, -0.240544, +1.731252, +1.358568, +0.975545, +0.887255, +0.899293, +0.907562, +0.360997, +0.579724, +0.342537, +0.240760, +0.307378, +0.000091, +0.086126, +0.119074, +0.062959, +0.378958, +0.231853]
frame=104 t= 5.200s reward=+1.007205 done=0 jointpos=[+0.239352, -0.198757, +0.029611, -0.218784, +1.731083, +1.331426, +0.978428, +0.887188, +0.899293, +0.937678, +0.319330, +0.612420, +0.305965, +0.261042, +0.287026, +0.000091, +0.123982, +0.120168, +0.106009, +0.414195, +0.226703]
frame=105 t= 5.250s reward=+1.053500 done=0 jointpos=[+0.261800, -0.195741, +0.010151, -0.190256, +1.732834, +1.322107, +0.999879, +0.901129, +0.872010, +0.984843, +0.288719, +0.625146, +0.269071, +0.297189, +0.286482, +0.000091, +0.094810, +0.121179, +0.147827, +0.395268, +0.216439]
frame=106 t= 5.300s reward=+0.885730 done=0 jointpos=[+0.261755, -0.211486, +0.027706, -0.181606, +1.733446, +1.315372, +1.023352, +0.913973, +0.857107, +1.009260, +0.292046, +0.631054, +0.250043, +0.327868, +0.294330, +0.032036, +0.060341, +0.140800, +0.189260, +0.370699, +0.197835]
frame=107 t= 5.350s reward=+0.660595 done=0 jointpos=[+0.261800, -0.226672, +0.078672, -0.209788, +1.733573, +1.307096, +1.043682, +0.928528, +0.860568, +1.029819, +0.289481, +0.653468, +0.244292, +0.344148, +0.296119, +0.033232, +0.040208, +0.152167, +0.196498, +0.360265, +0.175713]
frame=108 t= 5.400s reward=+0.404204 done=0 jointpos=[+0.261800, -0.232552, +0.127513, -0.239932, +1.731326, +1.297963, +1.063196, +0.943734, +0.864136, +1.048645, +0.276015, +0.668388, +0.243994, +0.355148, +0.298315, +0.056420, +0.040208, +0.149721, +0.199115, +0.348012, +0.156846]
frame=109 t= 5.450s reward=+0.923882 done=0 jointpos=[+0.261800, -0.232348, +0.135402, -0.248706, +1.727757, +1.284783, +1.078282, +0.949421, +0.865092, +1.053513, +0.292898, +0.656969, +0.240707, +0.364250, +0.299919, +0.094582, +0.024346, +0.135147, +0.202631, +0.335936, +0.165324]
frame=110 t= 5.500s reward=+1.137417 done=0 jointpos=[+0.261800, -0.225197, +0.117205, -0.249524, +1.724462, +1.257441, +1.097408, +0.951718, +0.865033, +1.028296, +0.319009, +0.645382, +0.232285, +0.375625, +0.312528, +0.097198, +0.013846, +0.116238, +0.195055, +0.323818, +0.160011]
frame=111 t= 5.550s reward=+1.102064 done=0 jointpos=[+0.261800, -0.204388, +0.084415, -0.246513, +1.723726, +1.217741, +1.130974, +0.961651, +0.874169, +0.975180, +0.344503, +0.638707, +0.205303, +0.375093, +0.332370, +0.103237, +0.001344, +0.101265, +0.180460, +0.308930, +0.158866]
frame=112 t= 5.600s reward=+1.094972 done=0 jointpos=[+0.261800, -0.182362, +0.063732, -0.248588, +1.723890, +1.181936, +1.156029, +0.968118, +0.879875, +0.932285, +0.373860, +0.619335, +0.175128, +0.371914, +0.345692, +0.108015, +0.001281, +0.112706, +0.182553, +0.303826, +0.173172]
frame=113 t= 5.650s reward=+0.980136 done=0 jointpos=[+0.261800, -0.159323, +0.067229, -0.244073, +1.725106, +1.149566, +1.159057, +0.965711, +0.890167, +0.895041, +0.406118, +0.605715, +0.164401, +0.346346, +0.368070, +0.111492, +0.001281, +0.110097, +0.184226, +0.302678, +0.184636]
frame=114 t= 5.700s reward=-0.095895 done=0 jointpos=[+0.261800, -0.148438, +0.098745, -0.226368, +1.725090, +1.126561, +1.149243, +0.958343, +0.897673, +0.895020, +0.439283, +0.598154, +0.172220, +0.313499, +0.374506, +0.113312, +0.001281, +0.115018, +0.177821, +0.306895, +0.190193]
frame=115 t= 5.750s reward=-0.244370 done=0 jointpos=[+0.261800, -0.152069, +0.151950, -0.193368, +1.725093, +1.126995, +1.156655, +0.960430, +0.896507, +0.895044, +0.442978, +0.585431, +0.191463, +0.292753, +0.371450, +0.103616, +0.001281, +0.114237, +0.194063, +0.314969, +0.175454]
frame=116 t= 5.800s reward=+0.923103 done=0 jointpos=[+0.261800, -0.153738, +0.205517, -0.160506, +1.725091, +1.143694, +1.192241, +0.969018, +0.900242, +0.895017, +0.410071, +0.587066, +0.201691, +0.272691, +0.367516, +0.097011, +0.006259, +0.119513, +0.188277, +0.315374, +0.174364]
frame=117 t= 5.850s reward=+1.095773 done=0 jointpos=[+0.261800, -0.175198, +0.234302, -0.128491, +1.725082, +1.166887, +1.209007, +0.984022, +0.913460, +0.894977, +0.372631, +0.620356, +0.202465, +0.248315, +0.367419, +0.102865, +0.028462, +0.124406, +0.166777, +0.299464, +0.165230]
frame=118 t= 5.900s reward=+1.081021 done=0 jointpos=[+0.261800, -0.194105, +0.238340, -0.122119, +1.725069, +1.185709, +1.196586, +0.997664, +0.922677, +0.894989, +0.341601, +0.661079, +0.199462, +0.245181, +0.360581, +0.109063, +0.064563, +0.104242, +0.164819, +0.288196, +0.169283]
frame=119 t= 5.950s reward=+0.514156 done=0 jointpos=[+0.261800, -0.212660, +0.229092, -0.137080, +1.725061, +1.205749, +1.148023, +1.008790, +0.934550, +0.895010, +0.308067, +0.656182, +0.199596, +0.254110, +0.341935, +0.103031, +0.078960, +0.082156, +0.146658, +0.288092, +0.194513]
frame=120 t= 6.000s reward=+0.527403 done=0 jointpos=[+0.261680, -0.226454, +0.202765, -0.169281, +1.725095, +1.236279, +1.078333, +0.992695, +0.938483, +0.895032, +0.290159, +0.605693, +0.224565, +0.253960, +0.335337, +0.092218, +0.061912, +0.073222, +0.118694, +0.290004, +0.226414]
frame=121 t= 6.050s reward=+1.009963 done=0 jointpos=[+0.260161, -0.228100, +0.162690, -0.211099, +1.725287, +1.284284, +1.014155, +0.951740, +0.934136, +0.895139, +0.303169, +0.558196, +0.280311, +0.244211, +0.338737, +0.067794, +0.025580, +0.073528, +0.086472, +0.296149, +0.240374]
frame=122 t= 6.100s reward=+0.928378 done=0 jointpos=[+0.237685, -0.219400, +0.122885, -0.243821, +1.727851, +1.352172, +0.970857, +0.910333, +0.917670, +0.896633, +0.341090, +0.548894, +0.346468, +0.241828, +0.321557, +0.037310, +0.029618, +0.079747, +0.074553, +0.329067, +0.253291]
frame=123 t= 6.150s reward=+0.913184 done=0 jointpos=[+0.203631, -0.206384, +0.089867, -0.244103, +1.731586, +1.370965, +0.957154, +0.887094, +0.912287, +0.902252, +0.321019, +0.575942, +0.384432, +0.254243, +0.292008, +0.000000, +0.072907, +0.108445, +0.074553, +0.377029, +0.241160]
frame=124 t= 6.200s reward=+0.989790 done=0 jointpos=[+0.215628, -0.196119, +0.055652, -0.234217, +1.732758, +1.347512, +0.953624, +0.882804, +0.904840, +0.933330, +0.275841, +0.611675, +0.352572, +0.280191, +0.259779, +0.000050, +0.114181, +0.142960, +0.112029, +0.420506, +0.268246]
frame=125 t= 6.250s reward=+1.077595 done=0 jointpos=[+0.261800, -0.184323, +0.041160, -0.214346, +1.732845, +1.337315, +0.979994, +0.892200, +0.885753, +0.981662, +0.256961, +0.619628, +0.322348, +0.301938, +0.248648, +0.000050, +0.093512, +0.153323, +0.154228, +0.417260, +0.264860]
frame=126 t= 6.300s reward=+0.860271 done=0 jointpos=[+0.261800, -0.196524, +0.060439, -0.209383, +1.732581, +1.312473, +1.011625, +0.904209, +0.870406, +1.025295, +0.272264, +0.620590, +0.305656, +0.323273, +0.254792, +0.021700, +0.066237, +0.149140, +0.195850, +0.393726, +0.247138]
frame=127 t= 6.350s reward=+1.041081 done=0 jointpos=[+0.261302, -0.210846, +0.110545, -0.230324, +1.730449, +1.284615, +1.039656, +0.926837, +0.874684, +1.059741, +0.299601, +0.647110, +0.279640, +0.334501, +0.268837, +0.041008, +0.043796, +0.129729, +0.206357, +0.370119, +0.206203]
frame=128 t= 6.400s reward=-0.258807 done=0 jointpos=[+0.261800, -0.217442, +0.154388, -0.246192, +1.728442, +1.276986, +1.050747, +0.954054, +0.877895, +1.064797, +0.309020, +0.660525, +0.242784, +0.340089, +0.274161, +0.053239, +0.028184, +0.140440, +0.211583, +0.360377, +0.191318]
frame=129 t= 6.450s reward=-0.075163 done=0 jointpos=[+0.261800, -0.218172, +0.155862, -0.246276, +1.725171, +1.273599, +1.054932, +0.970283, +0.874290, +1.038814, +0.311080, +0.660394, +0.216907, +0.349258, +0.288976, +0.063497, +0.017022, +0.135106, +0.219455, +0.340265, +0.190086]
frame=130 t= 6.500s reward=+1.129034 done=0 jointpos=[+0.261800, -0.212845, +0.136641, -0.247436, +1.724194, +1.245494, +1.071882, +0.968576, +0.870873, +0.990137, +0.337209, +0.660802, +0.209291, +0.361540, +0.308120, +0.078298, +0.009099, +0.137162, +0.218355, +0.325872, +0.199578]
frame=131 t= 6.550s reward=+1.127598 done=0 jointpos=[+0.261795, -0.194253, +0.107828, -0.241670, +1.723660, +1.202974, +1.097820, +0.968500, +0.882386, +0.945028, +0.372153, +0.660782, +0.199308, +0.351135, +0.328429, +0.086766, +0.000370, +0.115073, +0.201180, +0.310663, +0.200044]
frame=132 t= 6.600s reward=-0.669131 done=0 jointpos=[+0.261800, -0.184332, +0.097123, -0.240174, +1.724705, +1.177457, +1.109915, +0.974943, +0.896494, +0.904802, +0.403605, +0.652212, +0.178701, +0.335635, +0.347544, +0.087145, +0.000370, +0.119458, +0.185151, +0.298168, +0.205002]
frame=133 t= 6.650s reward=+1.081164 done=0 jointpos=[+0.261800, -0.174406, +0.115140, -0.235018, +1.724869, +1.161759, +1.108596, +0.979814, +0.898759, +0.893050, +0.424268, +0.635563, +0.165673, +0.321242, +0.364034, +0.083537, +0.001163, +0.110116, +0.192216, +0.292370, +0.193146]
frame=134 t= 6.700s reward=+0.757098 done=0 jointpos=[+0.261800, -0.168224, +0.156411, -0.217558, +1.724832, +1.155130, +1.108544, +0.978319, +0.905552, +0.893043, +0.432649, +0.623257, +0.181764, +0.302352, +0.369140, +0.082385, +0.001163, +0.096558, +0.174178, +0.291133, +0.193772]
frame=135 t= 6.750s reward=+0.783611 done=0 jointpos=[+0.261800, -0.165711, +0.209982, -0.190000, +1.724840, +1.155702, +1.135755, +0.970461, +0.896512, +0.893042, +0.420402, +0.615796, +0.209828, +0.285487, +0.371980, +0.094941, +0.001163, +0.097889, +0.185767, +0.298150, +0.195178]
frame=136 t= 6.800s reward=+0.996447 done=0 jointpos=[+0.261800, -0.178707, +0.236649, -0.150930, +1.724808, +1.173740, +1.173200, +0.976255, +0.900826, +0.893020, +0.386613, +0.630933, +0.223411, +0.266364, +0.361342, +0.091269, +0.005262, +0.101169, +0.165484, +0.302174, +0.199825]
frame=137 t= 6.850s reward=+1.063434 done=0 jointpos=[+0.261800, -0.205148, +0.240985, -0.138321, +1.724817, +1.198501, +1.188626, +0.993419, +0.914351, +0.893031, +0.348069, +0.667312, +0.208975, +0.254516, +0.350973, +0.099719, +0.047443, +0.094278, +0.154773, +0.305428, +0.189446]
frame=138 t= 6.900s reward=-0.083990 done=0 jointpos=[+0.261770, -0.222153, +0.235896, -0.146040, +1.724772, +1.220685, +1.173538, +1.011222, +0.930634, +0.893020, +0.312705, +0.690008, +0.195290, +0.248424, +0.343707, +0.090928, +0.066672, +0.071074, +0.141499, +0.297334, +0.185960]
frame=139 t= 6.950s reward=+0.180954 done=0 jointpos=[+0.261786, -0.233348, +0.220124, -0.168266, +1.724844, +1.250716, +1.120327, +1.007900, +0.944312, +0.893022, +0.289946, +0.658686, +0.218452, +0.251614, +0.334505, +0.080860, +0.049253, +0.062782, +0.109949, +0.288192, +0.201032]
frame=140 t= 7.000s reward=+0.955405 done=0 jointpos=[+0.259707, -0.234467, +0.186123, -0.205839, +1.725273, +1.284143, +1.047160, +0.975312, +0.944696, +0.893253, +0.299700, +0.600869, +0.278240, +0.257796, +0.325268, +0.068586, +0.024438, +0.056889, +0.091803, +0.291746, +0.235710]
frame=141 t= 7.050s reward=+0.971714 done=0 jointpos=[+0.242177, -0.226061, +0.140976, -0.241557, +1.727623, +1.345668, +0.980404, +0.927962, +0.935074, +0.894379, +0.325982, +0.564898, +0.342306, +0.258379, +0.317752, +0.035203, +0.018590, +0.066698, +0.071903, +0.319151, +0.251890]
frame=142 t= 7.100s reward=+0.744278 done=0 jointpos=[+0.217982, -0.210654, +0.104453, -0.247277, +1.730817, +1.369200, +0.948346, +0.901329, +0.923245, +0.896699, +0.320999, +0.573423, +0.366589, +0.248691, +0.292669, +0.000000, +0.048537, +0.088194, +0.057728, +0.368970, +0.268655]
frame=143 t= 7.150s reward=+1.018948 done=0 jointpos=[+0.211100, -0.196378, +0.081187, -0.236761, +1.731709, +1.336854, +0.956879, +0.898500, +0.909308, +0.937925, +0.295980, +0.600976, +0.337331, +0.253716, +0.259148, +0.000079, +0.089553, +0.127496, +0.102843, +0.414372, +0.272437]
frame=144 t= 7.200s reward=+1.071973 done=0 jointpos=[+0.250567, -0.184920, +0.054318, -0.218643, +1.730675, +1.318433, +0.983278, +0.907798, +0.893104, +0.984283, +0.279403, +0.603040, +0.302191, +0.287982, +0.241213, +0.000079, +0.083110, +0.139023, +0.144349, +0.428140, +0.263818]
frame=145 t= 7.250s reward=+0.804588 done=0 jointpos=[+0.261800, -0.190986, +0.056311, -0.218028, +1.732067, +1.314355, +1.011710, +0.910856, +0.873366, +1.015921, +0.270883, +0.597844, +0.297966, +0.304688, +0.246532, +0.010985, +0.065317, +0.144321, +0.180324, +0.400508, +0.256451]
frame=146 t= 7.300s reward=+0.825013 done=0 jointpos=[+0.261800, -0.206630, +0.087050, -0.233580, +1.732340, +1.303687, +1.031861, +0.918715, +0.865612, +1.038683, +0.289413, +0.608991, +0.300666, +0.330822, +0.258714, +0.046986, +0.037192, +0.136535, +0.201852, +0.374888, +0.219370]
frame=147 t= 7.350s reward=+0.696398 done=0 jointpos=[+0.261800, -0.217600, +0.130393, -0.241553, +1.729478, +1.290624, +1.049291, +0.936808, +0.883061, +1.053647, +0.297367, +0.632514, +0.287321, +0.345489, +0.271606, +0.062707, +0.036905, +0.127797, +0.197957, +0.356672, +0.178883]
frame=148 t= 7.400s reward=-1.040516 done=0 jointpos=[+0.261800, -0.220908, +0.149594, -0.243988, +1.726300, +1.284366, +1.047792, +0.957765, +0.883797, +1.043096, +0.316461, +0.635895, +0.256068, +0.349638, +0.279755, +0.084709, +0.019682, +0.127429, +0.196213, +0.343755, +0.177432]
frame=149 t= 7.450s reward=+1.085796 done=0 jointpos=[+0.261800, -0.218287, +0.137716, -0.244810, +1.724259, +1.268972, +1.053542, +0.977082, +0.879235, +1.009509, +0.332006, +0.641377, +0.216829, +0.360507, +0.297063, +0.084709, +0.019682, +0.130789, +0.203594, +0.322903, +0.184739]
frame=150 t= 7.500s reward=+1.061703 done=0 jointpos=[+0.261647, -0.210233, +0.104269, -0.244841, +1.723343, +1.235989, +1.083598, +0.981186, +0.885118, +0.960401, +0.345376, +0.637874, +0.191307, +0.357624, +0.319495, +0.087583, +0.003810, +0.123750, +0.194554, +0.304479, +0.190237]
frame=151 t= 7.550s reward=+0.746987 done=0 jointpos=[+0.261800, -0.195616, +0.084362, -0.247511, +1.723757, +1.202622, +1.110045, +0.972783, +0.888084, +0.926227, +0.367521, +0.614542, +0.191450, +0.355435, +0.334278, +0.109109, +0.000592, +0.130109, +0.194554, +0.294033, +0.204862]
frame=152 t= 7.600s reward=+1.022543 done=0 jointpos=[+0.261800, -0.174625, +0.082575, -0.244569, +1.724887, +1.172713, +1.118488, +0.961784, +0.893161, +0.894241, +0.396528, +0.592543, +0.199006, +0.342032, +0.357831, +0.104725, +0.000592, +0.117114, +0.185848, +0.296044, +0.188431]
frame=153 t= 7.650s reward=-0.283960 done=0 jointpos=[+0.261800, -0.159827, +0.107482, -0.230694, +1.724769, +1.146801, +1.115884, +0.953410, +0.897339, +0.894197, +0.425275, +0.578327, +0.207933, +0.324130, +0.373982, +0.110319, +0.000592, +0.108641, +0.169020, +0.286744, +0.190401]
frame=154 t= 7.700s reward=-0.334552 done=0 jointpos=[+0.261800, -0.151505, +0.155188, -0.201882, +1.724682, +1.142884, +1.122560, +0.954332, +0.895344, +0.894142, +0.425459, +0.562624, +0.219093, +0.308797, +0.379418, +0.104581, +0.000592, +0.092365, +0.161332, +0.285742, +0.193305]
frame=155 t= 7.750s reward=+0.697909 done=0 jointpos=[+0.261800, -0.150798, +0.205627, -0.165321, +1.724680, +1.152471, +1.156137, +0.961311, +0.891505, +0.894155, +0.397010, +0.554801, +0.219432, +0.288568, +0.373513, +0.108942, +0.000592, +0.103428, +0.159190, +0.301228, +0.190763]
frame=156 t= 7.800s reward=+0.942569 done=0 jointpos=[+0.261800, -0.166210, +0.230902, -0.128931, +1.724682, +1.174160, +1.188936, +0.976193, +0.896789, +0.894148, +0.356160, +0.580586, +0.213757, +0.268443, +0.366896, +0.117702, +0.011057, +0.100361, +0.156366, +0.299250, +0.191309]
frame=157 t= 7.850s reward=+1.070613 done=0 jointpos=[+0.261800, -0.190422, +0.234400, -0.117417, +1.724649, +1.194363, +1.204092, +0.988581, +0.908957, +0.894132, +0.325521, +0.638059, +0.204289, +0.253724, +0.364384, +0.111617, +0.053283, +0.095530, +0.148091, +0.292869, +0.180806]
frame=158 t= 7.900s reward=+1.062672 done=0 jointpos=[+0.261800, -0.210924, +0.229464, -0.129406, +1.724621, +1.218908, +1.188640, +1.003728, +0.929500, +0.894132, +0.293235, +0.662607, +0.203309, +0.253253, +0.357915, +0.098642, +0.065384, +0.075566, +0.118514, +0.274454, +0.182206]
frame=159 t= 7.950s reward=+0.800793 done=0 jointpos=[+0.261800, -0.227703, +0.214182, -0.155625, +1.724628, +1.243590, +1.130424, +1.008468, +0.951120, +0.894120, +0.266690, +0.621135, +0.230690, +0.254886, +0.334983, +0.097462, +0.046772, +0.048453, +0.106754, +0.265723, +0.215352]
frame=160 t= 8.000s reward=+0.948460 done=0 jointpos=[+0.261757, -0.234354, +0.180658, -0.193242, +1.724793, +1.266527, +1.046094, +0.981808, +0.959672, +0.894207, +0.277320, +0.565201, +0.279408, +0.249214, +0.327198, +0.077086, +0.018092, +0.044270, +0.082673, +0.266248, +0.247119]
frame=161 t= 8.050s reward=+0.885243 done=0 jointpos=[+0.258230, -0.226248, +0.135417, -0.235772, +1.726271, +1.306373, +0.975475, +0.934936, +0.951318, +0.895031, +0.318703, +0.547074, +0.334489, +0.239314, +0.324312, +0.053961, +0.009313, +0.051260, +0.068922, +0.292847, +0.264559]
frame=162 t= 8.100s reward=+0.778382 done=0 jointpos=[+0.235923, -0.209822, +0.092359, -0.250981, +1.730311, +1.359748, +0.943882, +0.897070, +0.927060, +0.897188, +0.334811, +0.567852, +0.347843, +0.236398, +0.314190, +0.012126, +0.034781, +0.090769, +0.061634, +0.351264, +0.258416]
frame=163 t= 8.150s reward=+0.967746 done=0 jointpos=[+0.214748, -0.196064, +0.056336, -0.240182, +1.732330, +1.358755, +0.948877, +0.886261, +0.905809, +0.929350, +0.297330, +0.593290, +0.328116, +0.250044, +0.287383, +0.000003, +0.076109, +0.127366, +0.090423, +0.400179, +0.250176]
frame=164 t= 8.200s reward=+1.033386 done=0 jointpos=[+0.244729, -0.192594, +0.030366, -0.218962, +1.731836, +1.344345, +0.967764, +0.891005, +0.883208, +0.970424, +0.259444, +0.593265, +0.296558, +0.284995, +0.271438, +0.000003, +0.091672, +0.147638, +0.133336, +0.414934, +0.240854]
frame=165 t= 8.250s reward=-1.842705 done=0 jointpos=[+0.260760, -0.192336, +0.031203, -0.196704, +1.732893, +1.344274, +0.999569, +0.907637, +0.866671, +1.009750, +0.247136, +0.587458, +0.287562, +0.313702, +0.262493, +0.000193, +0.061212, +0.135761, +0.169086, +0.390793, +0.239649]
frame=166 t= 8.300s reward=+1.016238 done=0 jointpos=[+0.260463, -0.209673, +0.062869, -0.215930, +1.731353, +1.324918, +1.026994, +0.925172, +0.862399, +1.036642, +0.264495, +0.606492, +0.279104, +0.329248, +0.278866, +0.033082, +0.048906, +0.136538, +0.189006, +0.349207, +0.197645]
frame=167 t= 8.350s reward=+0.829798 done=0 jointpos=[+0.261800, -0.219205, +0.109291, -0.242009, +1.729972, +1.304601, +1.044640, +0.936670, +0.874577, +1.057668, +0.281043, +0.635766, +0.265291, +0.350643, +0.289443, +0.047814, +0.019281, +0.136945, +0.192447, +0.333860, +0.171927]
frame=168 t= 8.400s reward=+0.047536 done=0 jointpos=[+0.257370, -0.225476, +0.128737, -0.247847, +1.728463, +1.290745, +1.055238, +0.948330, +0.872040, +1.062311, +0.290091, +0.640629, +0.245292, +0.360365, +0.298791, +0.084785, +0.039051, +0.133470, +0.175019, +0.324471, +0.164831]
frame=169 t= 8.450s reward=+0.039685 done=0 jointpos=[+0.261800, -0.229368, +0.127789, -0.249300, +1.725179, +1.283474, +1.072384, +0.959503, +0.861254, +1.058853, +0.307044, +0.625412, +0.227664, +0.385216, +0.294128, +0.099460, +0.006141, +0.145877, +0.202151, +0.319800, +0.174751]
frame=170 t= 8.500s reward=+1.102477 done=0 jointpos=[+0.261800, -0.220421, +0.104789, -0.253781, +1.723659, +1.257285, +1.094994, +0.966787, +0.861247, +1.025267, +0.319139, +0.608215, +0.207581, +0.394681, +0.310579, +0.101375, +0.005942, +0.129947, +0.187959, +0.309374, +0.171294]
frame=171 t= 8.550s reward=+1.100832 done=0 jointpos=[+0.261800, -0.199143, +0.074383, -0.257061, +1.723034, +1.215646, +1.126883, +0.965248, +0.864182, +0.967440, +0.343211, +0.591393, +0.189461, +0.391683, +0.329373, +0.114278, +0.000772, +0.135612, +0.194415, +0.302156, +0.186300]
frame=172 t= 8.600s reward=+1.108620 done=0 jointpos=[+0.261800, -0.167819, +0.054399, -0.255285, +1.723506, +1.174822, +1.152642, +0.957413, +0.877445, +0.926391, +0.371978, +0.561956, +0.191532, +0.373546, +0.349979, +0.107949, +0.000772, +0.105504, +0.178297, +0.296736, +0.188496]
frame=173 t= 8.650s reward=+1.052935 done=0 jointpos=[+0.261800, -0.144117, +0.052306, -0.254289, +1.724464, +1.141702, +1.166929, +0.942861, +0.888735, +0.892857, +0.401217, +0.530552, +0.199957, +0.348054, +0.374433, +0.112745, +0.000772, +0.121049, +0.176125, +0.296592, +0.185325]
frame=174 t= 8.700s reward=+1.061042 done=0 jointpos=[+0.261800, -0.126348, +0.073341, -0.239300, +1.724461, +1.115534, +1.174329, +0.935352, +0.892612, +0.892874, +0.423384, +0.505087, +0.213540, +0.327108, +0.384741, +0.119417, +0.000772, +0.103633, +0.184578, +0.296875, +0.177999]
frame=175 t= 8.750s reward=+0.865929 done=0 jointpos=[+0.261800, -0.109277, +0.117788, -0.198158, +1.724441, +1.107820, +1.195516, +0.937365, +0.896928, +0.892896, +0.420750, +0.485647, +0.227728, +0.309379, +0.385686, +0.110645, +0.000772, +0.098487, +0.152350, +0.295229, +0.175371]
frame=176 t= 8.800s reward=+0.713286 done=0 jointpos=[+0.261800, -0.103670, +0.166254, -0.153127, +1.724429, +1.119219, +1.236250, +0.942533, +0.899222, +0.892834, +0.388551, +0.488133, +0.236968, +0.278878, +0.375153, +0.107408, +0.000772, +0.117094, +0.159421, +0.304972, +0.182770]
frame=177 t= 8.850s reward=+0.857222 done=0 jointpos=[+0.261800, -0.122358, +0.208825, -0.110282, +1.724387, +1.142592, +1.261116, +0.955365, +0.916990, +0.892820, +0.347979, +0.530132, +0.240270, +0.240874, +0.367474, +0.127351, +0.000772, +0.138283, +0.150269, +0.303660, +0.173267]
frame=178 t= 8.900s reward=+1.024723 done=0 jointpos=[+0.261800, -0.151577, +0.229028, -0.093892, +1.724316, +1.165122, +1.253434, +0.975561, +0.930216, +0.892767, +0.314924, +0.583729, +0.226326, +0.225985, +0.356374, +0.129322, +0.040410, +0.127010, +0.145366, +0.302442, +0.178206]
frame=179 t= 8.950s reward=-0.434072 done=0 jointpos=[+0.261800, -0.167793, +0.228490, -0.102423, +1.724277, +1.191054, +1.204373, +0.996956, +0.939196, +0.892763, +0.283076, +0.588374, +0.214383, +0.239906, +0.352474, +0.121261, +0.071516, +0.094271, +0.132629, +0.281720, +0.176344]
frame=180 t= 9.000s reward=+0.174001 done=0 jointpos=[+0.261800, -0.175693, +0.219738, -0.134172, +1.724273, +1.203221, +1.130343, +1.002724, +0.950113, +0.892759, +0.274247, +0.540645, +0.220778, +0.251472, +0.350039, +0.118052, +0.068318, +0.073905, +0.114556, +0.261289, +0.197033]
frame=181 t= 9.050s reward=+1.041239 done=0 jointpos=[+0.261800, -0.184113, +0.190596, -0.180807, +1.724313, +1.214923, +1.062297, +0.989909, +0.962795, +0.892810, +0.288805, +0.491548, +0.257085, +0.258577, +0.342496, +0.102908, +0.042376, +0.052056, +0.093532, +0.249298, +0.230049]
frame=182 t= 9.100s reward=+0.929560 done=0 jointpos=[+0.261800, -0.184783, +0.143417, -0.225803, +1.724646, +1.232595, +1.018375, +0.959543, +0.969023, +0.892967, +0.327428, +0.487847, +0.315571, +0.248388, +0.336107, +0.073963, +0.017427, +0.041472, +0.061118, +0.249149, +0.238862]
frame=183 t= 9.150s reward=+0.900274 done=0 jointpos=[+0.260697, -0.184783, +0.095981, -0.247161, +1.727031, +1.296230, +0.994725, +0.915421, +0.953391, +0.894136, +0.370450, +0.520330, +0.338906, +0.225880, +0.335398, +0.034213, +0.026139, +0.055104, +0.041773, +0.295982, +0.248985]
frame=184 t= 9.200s reward=+1.020451 done=0 jointpos=[+0.244764, -0.191944, +0.052552, -0.240720, +1.730994, +1.364735, +0.972188, +0.895447, +0.926225, +0.896063, +0.370066, +0.551872, +0.334379, +0.222448, +0.320265, +0.000000, +0.056781, +0.094548, +0.031478, +0.351021, +0.220223]
frame=185 t= 9.250s reward=+1.043732 done=0 jointpos=[+0.235837, -0.197160, +0.015553, -0.233281, +1.731607, +1.349509, +0.966027, +0.894716, +0.903802, +0.918530, +0.326809, +0.572455, +0.297432, +0.249067, +0.294798, +0.000000, +0.098280, +0.130500, +0.076329, +0.399012, +0.219540]
frame=186 t= 9.300s reward=-0.162671 done=0 jointpos=[+0.250751, -0.197148, -0.012203, -0.205797, +1.732168, +1.334299, +0.985747, +0.900954, +0.885924, +0.971738, +0.287727, +0.575413, +0.272735, +0.288051, +0.283484, +0.000000, +0.092597, +0.136950, +0.117852, +0.395691, +0.205887]
frame=187 t= 9.350s reward=+0.801276 done=0 jointpos=[+0.261214, -0.202011, +0.003258, -0.182447, +1.731200, +1.324013, +1.025210, +0.911849, +0.872436, +1.012262, +0.259771, +0.590292, +0.269561, +0.312723, +0.284834, +0.013520, +0.071208, +0.133738, +0.159525, +0.363833, +0.197497]
frame=188 t= 9.400s reward=+0.977879 done=0 jointpos=[+0.261800, -0.224007, +0.041019, -0.202268, +1.732054, +1.304867, +1.057329, +0.922102, +0.870562, +1.041354, +0.273202, +0.618954, +0.253411, +0.336226, +0.298033, +0.055308, +0.041277, +0.148971, +0.186864, +0.339812, +0.165066]
frame=189 t= 9.450s reward=+0.529321 done=0 jointpos=[+0.261800, -0.234533, +0.088550, -0.237727, +1.732191, +1.286192, +1.076861, +0.935177, +0.866377, +1.059779, +0.294340, +0.635966, +0.238467, +0.362132, +0.298457, +0.087199, +0.016322, +0.160010, +0.189112, +0.337748, +0.143000]
frame=190 t= 9.500s reward=+0.481626 done=0 jointpos=[+0.261800, -0.229341, +0.109039, -0.252641, +1.728387, +1.280714, +1.092339, +0.947717, +0.866010, +1.066390, +0.278726, +0.626391, +0.226100, +0.374042, +0.304970, +0.085512, +0.027021, +0.149831, +0.181844, +0.327046, +0.134533]
frame=191 t= 9.550s reward=+1.123753 done=0 jointpos=[+0.261800, -0.219535, +0.094235, -0.256181, +1.724335, +1.269200, +1.110028, +0.958663, +0.861153, +1.058520, +0.268736, +0.611587, +0.205993, +0.386495, +0.305118, +0.092834, +0.031981, +0.142187, +0.195453, +0.318427, +0.156184]
frame=192 t= 9.600s reward=+1.104286 done=0 jointpos=[+0.261800, -0.197655, +0.062162, -0.255662, +1.723818, +1.229030, +1.145559, +0.966325, +0.863403, +1.013263, +0.296135, +0.599770, +0.186099, +0.397643, +0.317397, +0.115509, +0.000314, +0.129897, +0.190619, +0.305583, +0.176946]
frame=193 t= 9.650s reward=+0.983493 done=0 jointpos=[+0.261800, -0.172147, +0.036452, -0.254579, +1.722737, +1.187880, +1.176955, +0.964593, +0.873734, +0.956134, +0.333393, +0.582017, +0.182571, +0.389410, +0.333782, +0.130047, +0.000032, +0.124641, +0.187489, +0.294968, +0.191313]
frame=194 t= 9.700s reward=+1.020496 done=0 jointpos=[+0.261800, -0.148384, +0.036625, -0.250210, +1.723539, +1.154356, +1.177633, +0.957681, +0.883842, +0.917893, +0.367851, +0.564920, +0.182872, +0.365870, +0.356043, +0.139898, +0.001615, +0.104812, +0.183977, +0.291744, +0.199727]
frame=195 t= 9.750s reward=+0.988549 done=0 jointpos=[+0.261800, -0.121612, +0.074304, -0.234478, +1.725345, +1.126993, +1.186042, +0.953128, +0.898630, +0.893193, +0.396687, +0.540451, +0.191042, +0.335294, +0.369793, +0.133791, +0.001615, +0.116275, +0.158747, +0.300595, +0.194593]
frame=196 t= 9.800s reward=-0.072089 done=0 jointpos=[+0.261800, -0.113891, +0.122318, -0.212338, +1.725168, +1.106463, +1.206667, +0.948075, +0.904845, +0.893093, +0.426983, +0.501084, +0.214037, +0.307807, +0.357895, +0.124184, +0.001615, +0.126870, +0.175971, +0.324942, +0.193994]
frame=197 t= 9.850s reward=-0.497358 done=0 jointpos=[+0.261800, -0.117219, +0.171270, -0.179273, +1.725181, +1.109476, +1.229083, +0.944139, +0.914701, +0.893090, +0.424960, +0.472349, +0.247232, +0.276609, +0.345503, +0.120703, +0.001615, +0.154273, +0.175000, +0.341257, +0.176934]
frame=198 t= 9.900s reward=+1.033193 done=0 jointpos=[+0.261800, -0.118006, +0.215206, -0.144022, +1.725112, +1.118970, +1.231397, +0.949019, +0.916089, +0.893054, +0.405964, +0.480985, +0.252478, +0.256010, +0.348802, +0.118831, +0.018094, +0.153895, +0.166117, +0.338575, +0.174138]
frame=199 t= 9.950s reward=+1.006288 done=0 jointpos=[+0.261800, -0.134529, +0.231309, -0.101719, +1.725063, +1.137720, +1.209908, +0.965859, +0.910212, +0.893052, +0.374593, +0.533904, +0.230612, +0.252124, +0.363483, +0.128855, +0.028458, +0.156168, +0.166313, +0.309337, +0.159408]
