# task=cylinder
# algo=ProprioAdapt
# checkpoint=/home/tan/hora/BrainCo/outputs/revo3_right/stage2_smoke2/stage2_nn/model_best_latent.ckpt
# policy_dt_sec=0.050000
# policy_hz=20.000000
# action_semantics=delta
# action_formula=target=prev_target+(1/24)*raw_action then clamp(joint_limits)
# raw_action_definition=policy clamped delta output mu (pre delta-integration, [-1,1])
# target_definition=cur_targets (delta-accumulated + joint-limit clamped, used in PD formula)
# jointpos_definition=hand.data.joint_pos (absolute joint angles, rad)
# joint_order=0:right_index_MPR_joint, 1:right_little_MPR_joint, 2:right_middle_MPR_joint, 3:right_ring_MPR_joint, 4:right_thumb_CMP_joint, 5:right_index_MCP_joint, 6:right_little_MCP_joint, 7:right_middle_MCP_joint, 8:right_ring_MCP_joint, 9:right_thumb_CMR_joint, 10:right_index_PIP_joint, 11:right_little_PIP_joint, 12:right_middle_PIP_joint, 13:right_ring_PIP_joint, 14:right_thumb_MCP_joint, 15:right_index_DIP_joint, 16:right_little_DIP_joint, 17:right_middle_DIP_joint, 18:right_ring_DIP_joint, 19:right_thumb_PIP_joint, 20:right_thumb_DIP_joint

frame=000 t= 0.000s reward=-2.150006 done=0 raw_action=[-1.000000, +0.067147, -1.000000, +0.049969, +0.707250, +1.000000, +0.890403, +1.000000, +1.000000, -0.490409, +0.799092, -0.691261, +1.000000, +1.000000, +1.000000, -1.000000, +0.706606, +1.000000, +1.000000, +1.000000, +0.871652]
frame=001 t= 0.050s reward=-1.444716 done=0 raw_action=[-1.000000, +1.000000, -1.000000, -0.008197, +0.682685, -0.423187, -0.448081, +1.000000, +1.000000, -0.735586, +0.344328, -0.007143, +1.000000, +1.000000, +1.000000, -0.969952, +0.329163, +0.494328, +1.000000, +1.000000, -0.150016]
frame=002 t= 0.100s reward=+0.671664 done=0 raw_action=[+0.330076, +1.000000, -0.453700, -0.242265, +1.000000, +0.033658, +0.851299, -1.000000, +1.000000, -0.363595, +0.251991, +0.339185, +0.482850, +1.000000, -0.452918, -1.000000, +0.179297, -0.714977, -1.000000, +1.000000, -0.543364]
frame=003 t= 0.150s reward=-0.230311 done=0 raw_action=[+0.098017, +1.000000, +0.199554, -0.964060, +1.000000, -0.639882, +0.654341, -0.384893, -0.037442, -0.718787, +0.155481, +1.000000, +0.994475, +0.310178, -0.300768, -0.204483, +0.460610, +0.315798, -0.804067, -0.321052, -0.403483]
frame=004 t= 0.200s reward=+0.110018 done=0 raw_action=[+0.317970, +0.128620, +0.469897, -1.000000, +0.928841, -0.539250, +0.528312, -0.242545, -0.164905, -0.603746, +1.000000, +0.861925, +0.597068, -0.954942, +0.835638, +0.617140, -0.211818, -0.403615, -0.226181, +0.054253, -1.000000]
frame=005 t= 0.250s reward=-1.129815 done=0 raw_action=[-0.123707, +0.480547, +0.538271, -0.924355, +1.000000, +0.001560, -0.380247, +0.751569, +1.000000, -1.000000, +0.816795, -0.409562, +1.000000, -0.261105, +0.747941, +0.244655, -0.822656, -0.882504, -0.196985, -0.432571, -1.000000]
frame=006 t= 0.300s reward=-1.657268 done=0 raw_action=[+0.025988, +0.362286, +0.491930, -1.000000, +1.000000, -0.970748, +0.082312, +0.475550, +0.342587, -1.000000, +0.097610, -0.143949, +1.000000, -0.504394, +0.891138, -0.155259, -0.088870, -0.486877, -0.813994, -0.287746, -0.453786]
frame=007 t= 0.350s reward=+0.422793 done=0 raw_action=[+0.396892, +0.606120, +0.483333, -0.619229, +1.000000, -0.339458, +0.250700, -0.429140, +0.479958, -1.000000, +0.151727, -0.847205, +1.000000, -0.399738, +0.670296, -0.314184, -0.111546, -0.581829, -0.505459, -0.071259, -0.315903]
frame=008 t= 0.400s reward=-1.712090 done=0 raw_action=[+0.534332, -0.131295, +0.805281, -0.120314, +1.000000, -0.466176, +0.620896, -0.403538, +0.397649, -0.941091, -0.257830, -0.392212, +1.000000, -0.300272, +0.158388, +0.124726, -0.422693, +0.073096, -0.647574, -0.282110, -0.356110]
frame=009 t= 0.450s reward=+0.709775 done=0 raw_action=[+0.260116, -1.000000, +1.000000, +0.315485, +0.757272, +0.007681, +0.378988, +0.062375, +0.457271, -0.760413, -0.475635, +0.512889, +1.000000, +0.005379, -0.101808, +0.712607, -0.653118, -0.004060, -0.551774, -0.102493, -0.268997]
frame=010 t= 0.500s reward=-0.583361 done=0 raw_action=[+0.650232, -1.000000, +1.000000, +0.672786, +0.550290, +1.000000, -0.512891, -0.026548, +1.000000, -0.536461, -1.000000, +0.547822, +0.857387, +0.058278, -0.258344, +0.342426, -0.934608, -0.241115, -0.415578, +0.563503, +0.338992]
frame=011 t= 0.550s reward=-0.808054 done=0 raw_action=[+0.379127, -1.000000, +1.000000, +1.000000, +0.738196, +0.871633, -0.842777, +0.727867, +0.501819, -0.207207, -1.000000, +1.000000, +0.661155, -0.308845, +0.193119, -0.258503, -0.456831, -0.005911, -0.781348, +0.507542, +0.814033]
frame=012 t= 0.600s reward=+0.823632 done=0 raw_action=[+0.036443, -1.000000, +0.998225, +1.000000, +0.539887, +0.480539, -1.000000, +1.000000, -0.064997, +0.115663, -1.000000, +1.000000, -0.201397, -0.296397, -0.286492, -0.278363, -0.130606, -0.536260, -0.864351, +0.516002, +0.656897]
frame=013 t= 0.650s reward=+0.764456 done=0 raw_action=[+0.023590, -1.000000, +0.310905, +0.961733, +0.609746, +0.188265, -1.000000, +0.862334, +0.478236, +0.149185, -1.000000, +0.869819, -0.497533, +0.357696, -0.492145, -0.201450, +0.702836, -0.486397, -0.407092, -0.335799, +0.255204]
frame=014 t= 0.700s reward=+0.875405 done=0 raw_action=[-0.502962, -1.000000, -0.344718, +0.462397, +0.913813, +0.179315, -1.000000, +1.000000, +0.008162, +0.579092, -1.000000, +0.745710, -0.151970, +0.017920, -0.339884, -0.148331, +0.600304, -0.619408, -0.346976, +0.130742, +0.615812]
frame=015 t= 0.750s reward=+0.651684 done=0 raw_action=[-0.002311, -0.728731, -1.000000, -0.258081, +0.752114, +0.009076, -1.000000, +0.829756, +0.412514, +0.821446, -1.000000, +0.470604, +0.260141, -0.130673, -0.348333, -0.203094, -0.177312, -1.000000, -0.289459, -0.226591, +0.856767]
frame=016 t= 0.800s reward=+0.109894 done=0 raw_action=[+0.263596, -0.037233, -1.000000, -1.000000, +0.940176, +0.076011, -1.000000, +0.378855, -0.404017, +1.000000, -0.730877, +0.769232, +0.247402, -0.736784, -0.446197, -0.541297, -0.661137, -1.000000, -0.776669, -0.164548, +0.828283]
frame=017 t= 0.850s reward=+0.787262 done=0 raw_action=[+0.665441, +0.411936, -0.950123, -1.000000, +0.894631, +0.835385, -1.000000, +0.426911, -0.623266, +1.000000, +0.883094, +0.770131, +0.213910, -0.546050, -0.472599, -0.239406, -1.000000, -0.746371, -0.713969, -0.218740, +0.757335]
frame=018 t= 0.900s reward=-0.648443 done=0 raw_action=[+0.556893, +0.482134, -0.937812, -1.000000, +1.000000, +0.624682, -0.775527, -0.299726, -0.654302, +1.000000, +0.890822, +0.829567, -0.214470, -0.816184, -0.644937, -0.739320, -0.446204, +0.031074, -0.310559, +0.263649, +0.248996]
frame=019 t= 0.950s reward=+1.015854 done=0 raw_action=[+0.608980, +0.125280, -0.480513, -1.000000, +0.870678, -0.121805, +1.000000, -0.346581, -0.794010, +1.000000, +0.396034, +0.513278, -0.823517, -0.131660, -0.275016, -1.000000, +0.000233, +1.000000, +0.145553, -0.274119, -0.292616]
frame=020 t= 1.000s reward=+1.052029 done=0 raw_action=[+0.359812, +0.494219, +0.255122, -0.067201, +1.000000, +0.144815, +1.000000, -0.547965, -0.819254, +0.959885, -0.174054, +0.077352, -0.997636, +0.426567, -0.344287, -1.000000, +0.045615, +0.956286, +1.000000, +0.054577, -0.544228]
frame=021 t= 1.050s reward=+0.229032 done=0 raw_action=[+0.489628, +0.142158, +0.691424, +0.281293, +1.000000, -0.094363, +1.000000, -0.321027, -0.761532, +0.574200, -0.141249, -0.259354, -0.771340, +1.000000, -0.268939, -0.297518, -0.276834, +0.548947, +0.982256, -0.651884, -0.718422]
frame=022 t= 1.100s reward=-0.949673 done=0 raw_action=[-0.170286, +0.458820, +0.750574, +0.125502, +1.000000, +0.088191, +1.000000, +0.174412, -0.154034, +0.494594, -0.075573, -0.507054, +0.133134, +1.000000, -0.068839, +0.642436, +0.175630, +0.630947, +0.918781, -0.229176, -0.331363]
frame=023 t= 1.150s reward=+1.123830 done=0 raw_action=[-0.280734, +0.487715, -0.003939, -0.998173, +0.956558, -0.412542, +1.000000, +0.166468, +0.180623, +0.027134, -0.268510, -0.731071, -0.109830, +0.860826, +0.388101, +0.317585, +0.827418, -0.528653, +0.226404, -0.319328, -0.408679]
frame=024 t= 1.200s reward=+0.855737 done=0 raw_action=[-0.001224, +0.761633, -0.650835, -0.969415, +1.000000, +0.235670, +1.000000, -0.234117, +0.344247, -0.393685, +0.400598, -0.782186, -0.099264, +0.994544, +0.301453, +0.537623, +0.051212, +0.509931, +0.132127, +0.303866, -0.150602]
frame=025 t= 1.250s reward=+0.640642 done=0 raw_action=[+0.108427, +0.752983, -1.000000, -1.000000, +1.000000, -0.077006, +1.000000, +0.022950, +0.344647, -0.725971, +0.636824, -0.921174, -0.146622, -0.082866, +0.537988, +0.634705, -0.099821, -0.096087, -0.063248, +0.180473, +0.303125]
frame=026 t= 1.300s reward=+0.520989 done=0 raw_action=[-0.127716, +0.636868, -0.517010, -1.000000, +1.000000, -0.702632, +0.345618, +0.289190, -0.042177, -0.950395, +0.979394, -0.648164, +0.007933, -0.165876, +0.656935, +0.209239, -0.044040, -0.157088, -0.215871, -0.351286, -0.106184]
frame=027 t= 1.350s reward=+0.035602 done=0 raw_action=[+0.372229, +0.650090, -0.154196, -1.000000, +1.000000, -0.437841, -0.072268, +0.059009, +0.260000, -1.000000, +1.000000, -0.906361, -0.078746, +0.078105, +0.852856, -0.175925, +0.014153, -0.434660, -0.150910, +0.211784, +0.192904]
frame=028 t= 1.400s reward=+1.040876 done=0 raw_action=[+0.573626, +0.731103, +0.738965, -1.000000, +1.000000, -0.235575, +0.156161, -0.990228, +0.199023, -1.000000, +1.000000, -0.915457, -0.103370, +0.095359, +0.612470, +0.024771, -0.401856, +0.114165, -0.310969, +0.420118, +0.424007]
frame=029 t= 1.450s reward=+1.050117 done=0 raw_action=[+0.392820, +0.750476, +1.000000, -0.487216, +1.000000, -0.630381, +0.264325, -0.432490, -0.098145, -1.000000, +1.000000, -1.000000, +0.823475, -0.786110, -0.143238, +0.133821, -0.054350, +0.237052, -0.178797, -0.221952, +0.279496]
frame=030 t= 1.500s reward=+0.900769 done=0 raw_action=[+1.000000, -0.546171, +1.000000, +0.696642, +1.000000, -0.249975, +0.480431, -0.710509, +0.032840, -1.000000, +0.535933, -1.000000, +0.602723, -0.329451, -0.483720, -0.067581, -0.316925, +0.254950, -0.109810, +0.196332, +0.174914]
frame=031 t= 1.550s reward=-1.081391 done=0 raw_action=[+1.000000, -1.000000, +1.000000, +1.000000, +1.000000, +0.659198, -0.342729, +0.405553, +1.000000, -0.972030, -0.729630, +0.343113, +0.607467, -0.444641, -0.190917, -0.223858, -0.434374, +0.733646, +0.142251, +0.107232, -0.443514]
frame=032 t= 1.600s reward=+1.026420 done=0 raw_action=[+1.000000, -1.000000, +1.000000, +1.000000, +0.937707, +0.774379, -0.061036, +1.000000, +0.486020, -0.636890, -0.951151, +1.000000, +0.230245, -0.466212, +0.090260, +0.512839, -0.595995, +0.212975, +0.316052, +0.622015, +0.122394]
frame=033 t= 1.650s reward=+0.988142 done=0 raw_action=[+0.913404, -1.000000, +1.000000, +1.000000, +1.000000, +0.739128, -1.000000, +1.000000, +0.160904, -0.638211, -1.000000, +1.000000, +0.437823, -0.854308, -0.162134, +0.555011, -0.395248, +0.176497, +0.053316, +0.028218, -0.124290]
frame=034 t= 1.700s reward=+1.019742 done=0 raw_action=[+0.882747, -1.000000, +1.000000, +0.894925, +1.000000, +0.127151, -1.000000, +0.954938, -0.069298, -0.410642, -1.000000, +1.000000, -0.710035, +0.211552, +0.114143, +0.146090, +0.611148, -0.411261, +0.145435, -0.099639, -0.215484]
frame=035 t= 1.750s reward=+1.018293 done=0 raw_action=[+0.042196, -0.868831, -0.138137, +0.610270, +1.000000, +0.040774, -1.000000, +0.960830, -1.000000, +0.144355, -1.000000, +0.579172, -0.525868, -0.596672, -0.364656, -0.380015, +0.561245, -1.000000, -0.634132, +0.036660, +0.256713]
frame=036 t= 1.800s reward=+0.173576 done=0 raw_action=[+0.047148, -0.143575, -1.000000, -0.811461, +1.000000, +0.258486, -1.000000, +0.070808, -1.000000, +0.457894, -0.746272, -0.498783, -0.500144, -0.145948, +0.039549, -0.038749, +0.458678, -0.991996, -0.140934, -0.610596, +0.142918]
frame=037 t= 1.850s reward=+0.533496 done=0 raw_action=[-0.460271, -0.278978, -1.000000, -0.840746, +1.000000, +0.667183, -1.000000, +0.005415, -0.771158, +0.970783, +0.277095, -0.431536, +1.000000, -0.035737, -0.365824, +0.129850, -0.384795, -0.281907, -0.233362, -0.570440, +0.287360]
frame=038 t= 1.900s reward=+1.029615 done=0 raw_action=[+0.165774, +0.123421, -1.000000, -1.000000, +1.000000, +0.883375, -1.000000, -0.667159, -0.628765, +1.000000, +0.777056, +0.056937, +0.853958, +0.126960, -0.040508, -0.457374, -0.650627, -0.678690, -0.345001, +0.176504, +1.000000]
frame=039 t= 1.950s reward=+0.649912 done=0 raw_action=[+0.311041, +0.567828, -1.000000, -1.000000, +1.000000, +0.842886, -1.000000, -1.000000, -0.425635, +1.000000, +0.738616, +0.295876, +0.439128, -0.118969, -0.265383, -1.000000, -0.406545, -0.095177, -0.618281, +0.222761, +0.798496]
frame=040 t= 2.000s reward=-0.090450 done=0 raw_action=[-0.004303, +0.258731, -1.000000, -1.000000, +1.000000, +0.635977, -1.000000, -0.948589, -0.577377, +1.000000, +0.596794, +0.521702, +0.310392, -0.660122, -0.668327, -1.000000, +0.374185, +0.625898, -0.732473, +0.285001, -0.463170]
frame=041 t= 2.050s reward=+1.036972 done=0 raw_action=[+0.133439, -0.375635, -1.000000, -1.000000, +1.000000, +0.884050, -0.250434, -1.000000, -0.054005, +1.000000, -0.024159, +0.437232, -0.471477, -0.303576, -0.895578, -1.000000, +0.662191, +0.825912, +0.192942, +1.000000, -0.659777]
frame=042 t= 2.100s reward=+1.003866 done=0 raw_action=[-0.629210, +0.410531, -0.809655, -0.115985, +1.000000, +0.005706, +1.000000, -1.000000, +0.210041, +0.677775, -1.000000, +0.735813, -0.876651, +0.783385, -1.000000, -1.000000, +1.000000, +0.801196, +1.000000, +1.000000, -0.212559]
frame=043 t= 2.150s reward=+1.067423 done=0 raw_action=[-0.044126, +0.222339, +0.740873, +0.816798, +1.000000, -0.315284, +1.000000, -1.000000, -1.000000, +0.581616, -1.000000, +0.757891, -1.000000, +0.641178, -0.683171, -1.000000, -0.427795, +0.156130, +1.000000, -0.461733, +0.231735]
frame=044 t= 2.200s reward=+1.076816 done=0 raw_action=[-0.435227, -0.622511, +1.000000, +0.660065, +0.739495, +0.013701, +1.000000, +0.383160, -0.102621, +0.720571, -0.622706, +0.813320, -0.693594, +1.000000, -0.014556, +0.080033, -0.471280, +0.674836, +1.000000, -1.000000, -0.557488]
frame=045 t= 2.250s reward=+1.056035 done=0 raw_action=[-0.312638, -0.259891, +1.000000, -0.331413, +0.884017, +0.086331, +1.000000, +0.554748, +0.891912, +0.936035, -0.211829, +0.570102, -0.703364, +0.885817, +0.088588, +0.661497, -0.092565, +0.096436, +1.000000, -0.191290, -0.273151]
frame=046 t= 2.300s reward=+0.902515 done=0 raw_action=[+0.494997, +0.217974, +1.000000, -0.550766, +1.000000, +0.170042, +1.000000, -0.160639, +0.395318, +0.215645, +0.178654, +0.128943, -0.607578, +0.497593, +0.058610, +0.485522, -0.498537, -0.297082, +0.002631, -0.049160, -0.063269]
frame=047 t= 2.350s reward=+0.456000 done=0 raw_action=[-0.372135, +0.526576, +0.438705, -0.519383, +1.000000, +0.016191, +1.000000, -0.065777, +0.302239, -0.379930, +0.202836, -0.482251, -0.141611, +0.334924, +0.020972, +0.629760, -0.451656, +0.686455, -0.078610, -0.290840, -0.330561]
frame=048 t= 2.400s reward=+0.730908 done=0 raw_action=[+0.080503, +0.496191, -0.580965, -1.000000, +0.966620, -0.293331, +1.000000, +0.255736, +0.030772, -0.754418, +0.474591, -0.473502, -0.523732, +0.422381, +0.472534, +0.601131, -0.170767, -0.703991, +0.318176, +0.152749, +0.343609]
frame=049 t= 2.450s reward=+1.083480 done=0 raw_action=[-0.115918, +0.692616, -0.809756, -1.000000, +0.949457, -0.203610, +0.564117, +0.611518, -0.044131, -1.000000, +0.750166, -0.332096, -0.457663, +0.244824, +0.794556, +0.326636, -0.334932, -0.214461, +0.126598, -0.148340, +0.299935]
frame=050 t= 2.500s reward=+1.041798 done=0 raw_action=[+0.266410, +0.595413, -0.352568, -1.000000, +1.000000, -0.541037, +0.044662, +0.592964, -0.392062, -1.000000, +1.000000, -0.170130, -0.469815, -0.523522, +0.946562, +0.166060, -0.111124, -0.211935, -0.172870, +0.103809, +0.259250]
frame=051 t= 2.550s reward=+0.229624 done=0 raw_action=[+0.074699, +0.670276, +0.374596, -0.893603, +1.000000, -0.377830, -0.123187, +0.279958, +0.174380, -1.000000, +1.000000, -0.633674, -0.046673, -0.437534, +0.539223, -0.085028, -0.548764, -0.180231, -0.165031, -0.497336, +0.198654]
frame=052 t= 2.600s reward=+1.037821 done=0 raw_action=[+0.520594, +0.454968, +0.976679, -0.430985, +1.000000, -0.847538, +0.312866, -0.118251, -0.189875, -1.000000, +1.000000, -0.318685, +0.156325, -1.000000, +0.536441, -0.375319, +0.031280, +0.030116, -0.215101, +0.199532, -0.094156]
frame=053 t= 2.650s reward=+0.997894 done=0 raw_action=[+0.511387, -0.405549, +1.000000, +0.556644, +1.000000, +0.208734, +0.243715, -0.083593, +0.670956, -1.000000, +0.770479, -0.666501, +0.431959, -0.259706, -0.147326, -0.026009, -0.490189, +0.199681, +0.282150, +0.035784, -0.070411]
frame=054 t= 2.700s reward=+1.037760 done=0 raw_action=[+0.096537, -1.000000, +1.000000, +0.868071, +1.000000, +0.507379, -0.197788, +0.385402, +0.533417, -0.613212, -0.504379, +0.137585, +0.789583, -0.415241, -0.064965, -0.010083, -0.099422, -0.106059, -0.313825, +0.022662, +0.213873]
frame=055 t= 2.750s reward=+0.570749 done=0 raw_action=[+0.101560, -1.000000, +1.000000, +0.620702, +0.971689, +0.867716, -1.000000, +0.819374, +0.787536, -0.428307, -0.903675, +0.918165, +0.566218, -0.471998, +0.241287, -0.087973, +0.451909, +0.047206, -0.370655, +0.117940, +0.164711]
frame=056 t= 2.800s reward=+1.022945 done=0 raw_action=[-0.090292, -1.000000, +0.962896, +0.308364, +1.000000, +0.216469, -1.000000, +0.973968, +0.767698, -0.374675, -1.000000, +0.809033, +0.257364, -0.148414, +0.250674, +0.137001, +0.754324, -0.223988, -0.094248, +0.049012, -0.125464]
frame=057 t= 2.850s reward=+0.541998 done=0 raw_action=[-0.099902, -0.582917, -0.253132, -0.140166, +1.000000, +0.053802, -1.000000, +0.373545, -0.085848, -0.076244, -0.807469, -0.120584, +0.272333, +0.085394, +0.039281, +0.067224, +0.467309, -0.356772, -0.116318, -0.207924, -0.151228]
frame=058 t= 2.900s reward=+1.005612 done=0 raw_action=[+0.003490, -0.506720, -0.825363, -0.148019, +1.000000, +0.252923, -1.000000, +0.232942, -0.501514, +0.441409, -0.369239, -0.742844, +0.598223, +0.119948, -0.430790, +0.153604, -0.492426, -0.649003, -0.607778, -0.415391, +0.113537]
frame=059 t= 2.950s reward=+1.004505 done=0 raw_action=[-0.189716, -0.413322, -1.000000, -0.712402, +1.000000, +0.470541, -1.000000, -0.138006, -0.704432, +0.984728, -0.115493, -0.797188, +0.700759, -0.107555, -0.204962, -0.040230, -0.261799, -0.438421, -0.074889, +0.087471, +0.749476]
frame=060 t= 3.000s reward=+0.900624 done=0 raw_action=[+0.024555, +0.219595, -1.000000, -1.000000, +1.000000, +0.377497, -1.000000, -0.851876, -1.000000, +1.000000, +0.006504, -0.130830, +0.822891, -0.500540, -0.287475, -0.802609, -0.169981, +0.006369, -0.507255, +0.364641, +0.690993]
frame=061 t= 3.050s reward=+0.993509 done=0 raw_action=[-0.104694, +0.402977, -1.000000, -0.751892, +1.000000, +0.407448, -1.000000, -0.843840, -0.729664, +1.000000, +0.125040, +0.031264, +1.000000, -0.244088, -0.862263, -0.903661, -0.036000, +0.716932, -0.865286, +0.293714, -0.018693]
frame=062 t= 3.100s reward=+1.020580 done=0 raw_action=[-0.008584, +0.389300, -1.000000, -0.833825, +1.000000, +0.294816, -0.637932, -1.000000, -0.360471, +1.000000, -0.456603, +0.346364, +0.087637, -0.144885, -1.000000, -1.000000, +0.860239, +0.353785, -0.137986, +1.000000, -0.142242]
frame=063 t= 3.150s reward=+1.015288 done=0 raw_action=[-0.392474, +0.878419, -0.559703, -0.130047, +1.000000, +0.179955, +0.851947, -1.000000, +0.228415, +0.891125, -0.837558, +0.571000, -0.799883, +0.479030, -1.000000, -1.000000, +1.000000, +0.898416, +0.760446, +1.000000, -0.018501]
frame=064 t= 3.200s reward=-1.436380 done=0 raw_action=[+0.209795, +0.424541, +0.706868, +0.543216, +0.793975, -0.130225, +1.000000, -0.829514, -0.853935, +0.698817, -0.580671, +0.871399, -0.872395, +0.463056, -0.898942, -0.618061, -0.346752, +0.010031, +0.980741, -0.573365, -0.156093]
frame=065 t= 3.250s reward=+0.983162 done=0 raw_action=[-0.014880, -0.358361, +1.000000, +0.172211, +0.728203, +0.286730, +1.000000, -0.343877, -0.231155, +0.773203, +0.191611, +0.674417, -1.000000, +0.373068, +0.355333, +0.360009, -0.937099, -0.189642, +0.872030, -0.323526, -0.073577]
frame=066 t= 3.300s reward=+0.766780 done=0 raw_action=[-0.479365, -0.138901, +1.000000, -0.229556, +0.806318, +0.265431, +1.000000, -0.222026, +0.779116, +0.693475, +0.378194, +0.229977, -0.819245, +0.775911, +0.300540, +0.682347, -0.801006, +0.231799, +0.654955, -0.479823, -0.693736]
frame=067 t= 3.350s reward=+0.987260 done=0 raw_action=[-0.389609, +0.247131, +0.723480, -0.928811, +0.971101, +0.073605, +1.000000, +0.049415, +0.963661, +0.022204, +0.209990, +0.211489, -0.874826, +0.793063, +0.121744, +0.333554, +0.220932, +0.213677, +0.309566, -0.162307, -0.773477]
frame=068 t= 3.400s reward=-0.211222 done=0 raw_action=[+0.109807, +0.347002, -0.488551, -1.000000, +0.855038, -0.460187, +1.000000, +0.230289, -0.191562, -0.564958, +0.058522, +0.136124, -0.767167, +0.068608, +0.410060, +0.287603, -0.118864, -0.282285, -0.204430, -0.541150, -0.087402]
frame=069 t= 3.450s reward=+1.090125 done=0 raw_action=[-0.293988, +0.604626, -1.000000, -1.000000, +0.839738, -0.295664, +1.000000, +0.636804, -0.134790, -0.773951, +0.312927, -0.031581, -0.339560, +0.231806, +0.369118, +0.354251, -0.085541, +0.001920, +0.211594, -0.175114, +0.405751]
frame=070 t= 3.500s reward=+1.072873 done=0 raw_action=[+0.155798, +0.617178, -0.885982, -1.000000, +0.920510, -0.226760, +0.479233, +0.455488, -0.120809, -1.000000, +0.769591, -0.423644, -0.385095, +0.095834, +0.683458, +0.218478, -0.158346, +0.045808, -0.138453, -0.056461, -0.003570]
frame=071 t= 3.550s reward=+1.080365 done=0 raw_action=[+0.077222, +0.331055, +0.060826, -0.990120, +0.890508, -0.325132, -0.049509, +0.755915, -0.038558, -1.000000, +0.977610, -0.436391, +0.213775, +0.175815, +0.784005, +0.372690, -0.558515, +0.015152, +0.102671, -0.261690, +0.112427]
frame=072 t= 3.600s reward=-1.074820 done=0 raw_action=[+0.614231, +0.263322, +0.793074, -0.803833, +1.000000, -0.449346, +0.131536, -0.383644, +0.042312, -1.000000, +1.000000, -0.688690, -0.087273, -0.453541, +0.780642, +0.248743, -0.521957, -0.522236, -0.133398, -0.038829, -0.262581]
frame=073 t= 3.650s reward=+1.064674 done=0 raw_action=[+0.096005, +0.399987, +1.000000, +0.121079, +1.000000, -0.502621, +0.102355, +0.767959, +0.510866, -1.000000, +1.000000, -0.655780, +0.282810, -0.245465, +0.518201, +0.267794, -0.580628, +0.222196, +0.180143, +0.012630, -0.018920]
frame=074 t= 3.700s reward=+0.689187 done=0 raw_action=[+0.900359, -0.132358, +1.000000, +1.000000, +1.000000, -0.237268, +0.495716, +0.362691, +0.064094, -0.965747, +0.734254, -0.517271, +0.205765, -0.824844, -0.016770, +0.006278, -0.696921, -0.311785, -0.153661, +0.135838, +0.111526]
frame=075 t= 3.750s reward=+0.811316 done=0 raw_action=[+0.153138, -1.000000, +1.000000, +1.000000, +1.000000, +0.699599, -0.568485, +0.843203, +0.876523, -0.714687, -0.657585, +0.051481, +0.359126, -0.625223, +0.168318, -0.538517, -0.194996, +0.126229, -0.414716, +0.296470, +0.123085]
frame=076 t= 3.800s reward=+1.000934 done=0 raw_action=[+0.073112, -1.000000, +1.000000, +0.734744, +1.000000, +1.000000, -1.000000, +0.859544, +1.000000, -0.291474, -0.850163, +0.703207, +0.729889, -0.868124, +0.100047, -0.131390, +0.308948, +0.292786, -0.097462, +0.142827, -0.124177]
frame=077 t= 3.850s reward=+1.022490 done=0 raw_action=[-0.200809, -1.000000, +0.816434, +0.015688, +1.000000, +0.625556, -1.000000, +0.350094, +0.358184, -0.233816, -0.591776, +0.410167, +0.135307, -0.173364, -0.047937, +0.172040, +0.879077, -0.089498, -0.060397, +0.189688, -0.064103]
frame=078 t= 3.900s reward=+0.661584 done=0 raw_action=[-0.535577, -0.789401, -0.423461, -0.298964, +1.000000, +0.186734, -1.000000, +0.353117, -0.200219, -0.000626, -0.853322, -0.482386, +0.291702, +0.201563, -0.085175, -0.030625, +0.589771, -0.296673, -0.414236, -0.115395, -0.077128]
frame=079 t= 3.950s reward=+0.173682 done=0 raw_action=[+0.015962, -0.481935, -1.000000, -0.940096, +1.000000, +0.067939, -1.000000, -0.003165, -0.599360, +0.557132, -0.619963, -0.731558, +0.852085, +0.055957, -0.167096, -0.211600, -0.108928, -0.749785, -0.389392, -0.341541, +0.427882]
frame=080 t= 4.000s reward=+0.790096 done=0 raw_action=[+0.071872, -0.323173, -1.000000, -0.669822, +1.000000, +0.145310, -1.000000, -0.247142, -0.974003, +1.000000, -0.038274, -0.602201, +0.882411, -0.152305, -0.503462, -0.221608, -0.664372, -0.304155, -0.910213, -0.224271, +0.740273]
frame=081 t= 4.050s reward=+0.953649 done=0 raw_action=[-0.194305, +0.241319, -1.000000, -0.580746, +1.000000, -0.011703, -1.000000, -0.694859, -0.328700, +1.000000, -0.382949, -0.098840, +1.000000, -0.079252, -0.674465, -0.803456, -0.303822, +0.131454, -0.624139, +0.114267, +0.414899]
frame=082 t= 4.100s reward=+0.954354 done=0 raw_action=[-0.095063, +0.527981, -1.000000, -0.933055, +1.000000, -0.025449, -1.000000, -1.000000, -0.417264, +1.000000, -0.526600, +0.412222, +0.576739, -0.204767, -1.000000, -1.000000, +0.595525, +0.237705, -0.528821, +0.903936, +0.054208]
frame=083 t= 4.150s reward=+0.965227 done=0 raw_action=[+0.327802, +0.819472, -0.886324, -0.306546, +1.000000, +0.177194, -0.007584, -1.000000, -0.670088, +1.000000, -0.290149, +0.587715, -0.067782, +0.036029, -1.000000, -1.000000, +0.431481, +0.591048, +0.105730, +1.000000, +0.262203]
frame=084 t= 4.200s reward=+0.985478 done=0 raw_action=[-0.027767, +0.688275, -0.043277, +0.132923, +1.000000, +0.450762, +1.000000, -1.000000, -0.686472, +0.986090, -0.181060, +0.621424, -1.000000, +0.796904, -0.923110, -0.889478, +0.420029, +0.606448, +1.000000, +0.843443, +0.229603]
frame=085 t= 4.250s reward=+0.631286 done=0 raw_action=[+0.023425, -0.076338, +1.000000, +0.102127, +0.638993, +0.375421, +1.000000, -1.000000, -0.541573, +0.827726, +0.044000, +0.626796, -1.000000, +0.658227, -0.058005, -0.194215, -0.168964, +0.298926, +1.000000, -0.176422, -0.175421]
frame=086 t= 4.300s reward=+0.655591 done=0 raw_action=[-0.258214, -0.714302, +1.000000, -0.109333, +0.493325, -0.265462, +1.000000, +0.270889, +0.613297, +0.880491, +0.170790, +0.795321, -0.753367, +0.223576, +0.281287, +1.000000, -0.593243, +0.065897, +0.977637, -1.000000, -0.869327]
frame=087 t= 4.350s reward=+0.925615 done=0 raw_action=[-0.018880, +0.196439, +1.000000, -0.566434, +0.969056, +0.565158, +1.000000, -0.246163, +1.000000, +0.353095, +0.612827, +0.162792, -0.983992, +0.423051, +0.507482, +0.773117, -0.582354, -0.177755, +0.577150, -0.362666, -0.844543]
frame=088 t= 4.400s reward=-0.640416 done=0 raw_action=[-0.008231, +0.399724, +0.416318, -0.810161, +1.000000, -0.192509, +1.000000, +0.094645, +0.620093, -0.316702, +0.144871, -0.025824, -0.721577, +0.974428, +0.259924, +0.290690, -0.419131, -0.067726, -0.004505, -0.328091, -0.275677]
frame=089 t= 4.450s reward=+0.926479 done=0 raw_action=[-0.517590, +0.889100, -0.895694, -0.973738, +1.000000, -0.555746, +1.000000, +0.565774, +0.093192, -0.907182, -0.013043, -0.080718, -0.167851, +0.500466, +0.251304, +0.036734, +0.193269, +0.001511, +0.123622, -0.334488, +0.258833]
frame=090 t= 4.500s reward=+1.120811 done=0 raw_action=[+0.253412, +0.618876, -0.987343, -1.000000, +0.886931, -0.244193, +0.770858, +0.334782, -0.455172, -0.977843, +0.745422, -0.342472, -0.444608, -0.374777, +0.607432, +0.578868, -0.540003, -0.282029, -0.151454, -0.454366, +0.369230]
frame=091 t= 4.550s reward=+1.110870 done=0 raw_action=[-0.052574, +0.528585, -0.141076, -0.651647, +1.000000, -0.233945, -0.018526, +0.970875, -0.093256, -1.000000, +0.880678, -0.442596, -0.076866, -0.128579, +0.577425, +0.191667, -0.803092, -0.069596, +0.072626, -0.314993, +0.159223]
frame=092 t= 4.600s reward=+1.118420 done=0 raw_action=[+0.874181, +0.320579, +1.000000, -0.381020, +1.000000, -0.195971, -0.183751, +0.139754, +0.318043, -1.000000, +1.000000, -0.541728, -0.253233, +0.074914, +0.614254, +0.107930, -0.988430, -0.207863, +0.056352, +0.177263, +0.030697]
frame=093 t= 4.650s reward=+1.109912 done=0 raw_action=[+0.290681, +0.591116, +1.000000, +0.473946, +1.000000, -0.514281, +0.292086, -0.310407, +0.238461, -1.000000, +1.000000, -0.667279, -0.024900, -0.551710, +0.458320, +0.000300, -0.919915, -0.062658, -0.261809, -0.446071, -0.034009]
frame=094 t= 4.700s reward=+1.101955 done=0 raw_action=[+0.471880, -0.295228, +1.000000, +1.000000, +1.000000, -0.089884, +0.195861, +0.200696, +0.114048, -1.000000, +0.906696, -0.379802, +0.327281, -1.000000, +0.078094, +0.146819, -0.634554, -0.000351, +0.196741, +0.479639, +0.048045]
frame=095 t= 4.750s reward=-0.047520 done=0 raw_action=[+0.600570, -1.000000, +1.000000, +1.000000, +0.946913, +0.759601, -0.331674, +0.703831, +0.966345, -0.800225, -0.055764, -0.128616, +0.255186, -0.599977, +0.162373, -0.214355, -0.523245, +0.226876, +0.222813, +0.781905, -0.121842]
frame=096 t= 4.800s reward=+1.063451 done=0 raw_action=[+0.555420, -1.000000, +1.000000, +1.000000, +1.000000, +1.000000, -1.000000, +1.000000, +1.000000, -0.507183, -0.532458, +0.759467, +0.535641, -1.000000, +0.033707, +0.003492, +0.297042, +0.836041, -0.031870, +0.106594, -0.800515]
frame=097 t= 4.850s reward=+1.043028 done=0 raw_action=[-0.087326, -1.000000, +0.582464, +0.178351, +1.000000, +0.076375, -1.000000, +0.869816, +0.949149, -0.288914, -1.000000, +0.111019, -0.083176, -0.041420, +0.382896, +0.133692, +1.000000, -0.069104, -0.053910, +0.223090, -0.643288]
frame=098 t= 4.900s reward=+0.771145 done=0 raw_action=[-0.264751, -0.501948, -0.862122, -0.485789, +1.000000, +0.238988, -1.000000, +0.438510, -0.803156, +0.055939, -0.863990, -0.653735, +0.093742, +0.108595, -0.061568, -0.158138, +1.000000, -0.749005, -0.567326, -0.188982, +0.171135]
frame=099 t= 4.950s reward=+0.769231 done=0 raw_action=[-0.006033, -0.492594, -1.000000, -0.885481, +1.000000, +0.243427, -1.000000, +0.058388, -1.000000, +0.474908, -0.425273, -0.807180, +0.639679, +0.122730, -0.196160, -0.271356, +0.021317, -0.549439, -0.874615, -0.615268, +0.382814]
frame=100 t= 5.000s reward=+1.084189 done=0 raw_action=[-0.139363, +0.016438, -1.000000, -1.000000, +1.000000, +0.354686, -1.000000, -0.390346, -1.000000, +0.940096, -0.116145, -0.277297, +1.000000, -0.077071, -0.115032, -0.406107, -0.424912, -0.531124, -0.715641, -0.274508, +0.822813]
frame=101 t= 5.050s reward=+0.785104 done=0 raw_action=[+0.455733, +0.468765, -1.000000, -1.000000, +1.000000, +0.275314, -0.963159, -1.000000, -1.000000, +1.000000, +0.269832, +0.185692, +1.000000, -0.188320, -0.215679, -0.967391, -0.872402, -0.158245, -1.000000, +0.079467, +0.674047]
frame=102 t= 5.100s reward=+0.660879 done=0 raw_action=[-0.445928, +0.046985, -1.000000, -0.784425, +1.000000, +0.176209, -1.000000, -0.923063, -0.603388, +1.000000, -0.276633, +0.311559, +0.820978, -0.184900, -1.000000, -0.847610, +0.016159, +0.338823, -1.000000, +0.477291, +0.081248]
frame=103 t= 5.150s reward=+1.014995 done=0 raw_action=[-0.605396, +0.219686, -1.000000, -0.349696, +1.000000, -0.236153, -0.280146, -1.000000, +0.502316, +1.000000, -1.000000, +0.434497, -0.350328, +0.123195, -1.000000, -1.000000, +1.000000, +0.633177, +0.280692, +1.000000, -0.275529]
frame=104 t= 5.200s reward=+1.007205 done=0 raw_action=[+0.062696, +0.789949, -0.025417, +0.486636, +1.000000, -0.381130, +1.000000, -1.000000, -0.836687, +0.539303, -1.000000, +0.945690, -0.864199, +0.535975, -0.912897, -1.000000, +0.918753, +0.017586, +1.000000, +0.552405, -0.137474]
frame=105 t= 5.250s reward=+1.053500 done=0 raw_action=[-0.138122, -0.429897, +1.000000, +0.833101, +0.577851, -0.057992, +1.000000, -0.329359, -0.849710, +0.955330, -0.641064, +0.889689, -0.812162, +0.960482, -0.141953, -0.360552, -0.629105, +0.009561, +1.000000, -0.760863, -0.244758]
frame=106 t= 5.300s reward=+0.885730 done=0 raw_action=[-0.220641, -0.726556, +1.000000, -0.306106, +0.583216, +0.242434, +1.000000, +0.040471, +0.752360, +1.000000, +0.330335, +0.783501, -0.517996, +0.498058, +0.543402, +0.757308, -0.841388, +0.480327, +1.000000, -0.368363, -0.442360]
frame=107 t= 5.350s reward=+0.660595 done=0 raw_action=[+0.182371, -0.000547, +1.000000, -0.558251, +0.887833, +0.123915, +1.000000, +0.246333, +1.000000, +0.523865, -0.193972, +0.608626, -0.490398, +0.554186, +0.168272, +0.042216, -0.498370, +0.269075, +0.232518, -0.149214, -0.526389]
frame=108 t= 5.400s reward=+0.404204 done=0 raw_action=[-0.264516, +0.530311, +0.598153, -0.416405, +0.855804, -0.158376, +1.000000, +0.269350, +0.404811, -0.027546, -0.142701, +0.008153, +0.052251, +0.326402, -0.104879, +0.546709, -0.020549, -0.070242, +0.071525, -0.435847, -0.463666]
frame=109 t= 5.450s reward=+0.923882 done=0 raw_action=[-0.010618, +0.535518, -0.409574, -0.509816, +0.832587, -0.003017, +1.000000, +0.201963, -0.125276, -0.459744, +0.760897, -0.414779, -0.188894, +0.294767, +0.192923, +0.915177, -0.392549, -0.354878, +0.088509, -0.197229, +0.208626]
frame=110 t= 5.500s reward=+1.137417 done=0 raw_action=[+0.077134, +0.668968, -1.000000, -1.000000, +1.000000, -0.238191, +0.882121, +0.455562, +0.145728, -1.000000, +0.591087, -0.620065, -0.349724, +0.310801, +0.673149, +0.075377, -0.287932, -0.450695, -0.161446, -0.073291, -0.101461]
frame=111 t= 5.550s reward=+1.102064 done=0 raw_action=[+0.152489, +0.454435, -0.666105, -1.000000, +0.927542, -0.299173, +0.419248, +0.518699, -0.260641, -1.000000, +0.938840, -0.490207, -0.336156, -0.302063, +0.830480, +0.151022, -0.463935, -0.352538, -0.347233, -0.190632, -0.014064]
frame=112 t= 5.600s reward=+1.094972 done=0 raw_action=[+0.264095, +0.737906, +0.191893, -0.791286, +1.000000, -0.079232, +0.059122, +0.017052, +0.084213, -1.000000, +1.000000, -0.443746, -0.241265, +0.085263, +0.553232, +0.122047, -0.507784, +0.290962, +0.032262, +0.052126, +0.343932]
frame=113 t= 5.650s reward=+0.980136 done=0 raw_action=[+0.511054, +0.520732, +1.000000, -0.492901, +1.000000, -0.655568, -0.040373, +0.177926, +0.162642, -1.000000, +1.000000, -0.335260, +0.026136, -0.907716, +0.657039, +0.088698, -0.411195, -0.064038, +0.032897, +0.013931, +0.283535]
frame=114 t= 5.700s reward=-0.095895 done=0 raw_action=[+0.548549, -0.163404, +1.000000, +0.628136, +1.000000, -0.138227, +0.286491, -0.254217, +0.100978, -1.000000, +1.000000, -0.539541, +0.108982, -0.647550, +0.094275, +0.056173, -0.711205, +0.122298, -0.150930, +0.219666, +0.122825]
frame=115 t= 5.750s reward=-0.244370 done=0 raw_action=[+0.370329, -1.000000, +1.000000, +1.000000, +1.000000, +0.142166, -0.012235, +0.600795, +1.000000, -0.880786, -0.030906, -0.116086, +0.693398, -0.306168, -0.023484, -0.235047, -0.329286, -0.022860, +0.358512, +0.246008, -0.348378]
frame=116 t= 5.800s reward=+0.923103 done=0 raw_action=[+0.416559, -1.000000, +1.000000, +0.678990, +1.000000, +0.893464, -1.000000, +0.656552, +1.000000, -0.549250, -0.845834, +0.582213, +0.287444, -0.508332, +0.292540, -0.178867, +0.137436, +0.128633, -0.104145, +0.241127, -0.009235]
frame=117 t= 5.850s reward=+1.095773 done=0 raw_action=[+0.199120, -1.000000, +1.000000, +0.876059, +1.000000, +0.449451, -1.000000, +0.627713, +0.378152, -0.566113, -0.889176, +0.940701, +0.506549, -0.578150, -0.027621, +0.134025, +0.529924, +0.128627, -0.494654, -0.420599, -0.217127]
frame=118 t= 5.900s reward=+1.081021 done=0 raw_action=[-0.034878, -0.572921, +0.021581, -0.117649, +1.000000, +0.161263, -1.000000, +0.404441, -0.044315, +0.016495, -0.825930, -0.063831, +0.032516, +0.201085, -0.065957, +0.151333, +0.857446, -0.498907, -0.071275, -0.156099, +0.109889]
frame=119 t= 5.950s reward=+0.514156 done=0 raw_action=[-0.526681, -0.544202, -1.000000, -0.538468, +1.000000, +0.111321, -1.000000, +0.292792, -0.523902, +0.430399, -0.997851, -0.736539, +0.275537, -0.027654, -0.310605, -0.152234, +0.362041, -0.526567, -0.412786, +0.109243, +0.612552]
frame=120 t= 6.000s reward=+0.527403 done=0 raw_action=[-0.227648, -0.225450, -1.000000, -0.970235, +1.000000, +0.206999, -1.000000, -0.109275, -0.963640, +1.000000, -0.430339, -0.791304, +1.000000, -0.171316, -0.283472, -0.250328, -0.390471, -0.225511, -0.660609, -0.163701, +0.743280]
frame=121 t= 6.050s reward=+1.009963 done=0 raw_action=[+0.152052, +0.120965, -1.000000, -0.930566, +1.000000, +0.182900, -1.000000, -0.696871, -0.960360, +1.000000, +0.141658, -0.365717, +1.000000, -0.394036, -0.526199, -0.579084, -0.857820, +0.005963, -0.773278, -0.239461, +0.302925]
frame=122 t= 6.100s reward=+0.928378 done=0 raw_action=[-0.135505, +0.307404, -1.000000, -0.966435, +1.000000, +0.421099, -1.000000, -1.000000, -0.618148, +1.000000, +0.146850, +0.029199, +0.928068, +0.065954, -0.798146, -0.742092, +0.078557, +0.151855, -0.318140, +0.708259, +0.299862]
frame=123 t= 6.150s reward=+0.913184 done=0 raw_action=[-0.377877, +0.763333, -1.000000, -0.288076, +1.000000, -0.142275, -0.142805, -1.000000, +0.314686, +1.000000, -1.000000, +0.475246, -0.030861, +0.325683, -1.000000, -1.000000, +1.000000, +0.731019, -0.015281, +1.000000, -0.302857]
frame=124 t= 6.200s reward=+0.989790 done=0 raw_action=[-0.037928, +1.000000, -0.298404, +0.149492, +1.000000, +0.210233, +1.000000, -1.000000, -0.530021, +0.899409, -0.842577, +0.818833, -0.778590, +0.676395, -1.000000, -1.000000, +1.000000, +0.817240, +0.851139, +1.000000, +0.656638]
frame=125 t= 6.250s reward=+1.077595 done=0 raw_action=[+0.118403, +0.219279, +1.000000, +0.496707, +0.576077, +0.136323, +1.000000, -0.808474, -1.000000, +0.793568, -0.175399, +0.779800, -1.000000, +0.388689, -0.550578, -0.622738, -0.420052, +0.204466, +1.000000, -0.519507, -0.092857]
frame=126 t= 6.300s reward=+0.860271 done=0 raw_action=[-0.220565, -0.419826, +1.000000, -0.213683, +0.384199, +0.048788, +1.000000, -0.010908, +0.129609, +0.917270, +0.551958, +0.738428, -0.853411, +0.553672, +0.094667, +0.515042, -0.666802, -0.103749, +1.000000, -0.596634, -0.428334]
frame=127 t= 6.350s reward=+1.041081 done=0 raw_action=[-0.133925, -0.307708, +1.000000, -0.582847, +0.830043, -0.195966, +1.000000, +0.209988, +0.686425, +0.286907, +0.623274, +0.551250, -1.000000, +0.179589, +0.441431, +0.469122, -0.549897, -0.446303, +0.293589, -0.579545, -0.988902]
frame=128 t= 6.400s reward=-0.258807 done=0 raw_action=[-0.289808, +0.374384, +0.469476, -0.559974, +1.000000, +0.274363, +1.000000, -0.230820, +0.783375, -0.165066, +0.323666, -0.150480, -1.000000, +0.350679, +0.229217, +0.293318, -0.379279, +0.269291, +0.142211, -0.096658, -0.348793]
frame=129 t= 6.450s reward=-0.075163 done=0 raw_action=[+0.112121, +0.452264, -0.645725, -0.900572, +0.920062, -0.404474, +1.000000, +0.361258, -0.200367, -0.863773, +0.247510, -0.115905, -0.375818, +0.286500, +0.610640, +0.249574, -0.304449, -0.157735, +0.192874, -0.394337, -0.016297]
frame=130 t= 6.500s reward=+1.129034 done=0 raw_action=[-0.265722, +0.367783, -0.756785, -1.000000, +0.987612, -0.388019, +0.583482, +0.755793, -0.147889, -1.000000, +0.799856, -0.044451, -0.198613, +0.267770, +0.936416, +0.356869, -0.198552, +0.049673, -0.022228, -0.021356, +0.249352]
frame=131 t= 6.550s reward=+1.127598 done=0 raw_action=[+0.145302, +0.395446, -0.349318, -0.971362, +1.000000, -0.529223, +0.106908, +0.885245, -0.062343, -1.000000, +0.796098, -0.176641, -0.174591, -0.582287, +0.660601, +0.209296, -0.513819, -0.540986, -0.387502, -0.323886, +0.009540]
frame=132 t= 6.600s reward=-0.669131 done=0 raw_action=[+0.792462, +0.465060, +0.578464, -0.450272, +1.000000, -0.055032, -0.410746, +0.258227, +0.191375, -1.000000, +1.000000, -0.504297, +0.139486, -0.171646, +0.593403, +0.016004, -0.722464, +0.130298, -0.383623, -0.219675, +0.126903]
frame=133 t= 6.650s reward=+1.081164 done=0 raw_action=[+0.055449, +0.045392, +0.990273, +0.190778, +1.000000, -0.820927, +0.085851, +0.686960, +0.490490, -0.908253, +0.462119, -0.592162, +0.600884, -0.273744, +0.489609, -0.084436, -0.291395, -0.218385, +0.140426, -0.038135, -0.281692]
frame=134 t= 6.700s reward=+0.757098 done=0 raw_action=[+0.445220, -0.261356, +1.000000, +0.517357, +1.000000, +0.267088, +0.299251, -0.422147, +0.166415, -0.804922, +0.330704, -0.397553, +0.495557, -0.613106, +0.020626, -0.028690, -0.351245, -0.336462, -0.410751, +0.015092, +0.010989]
frame=135 t= 6.750s reward=+0.783611 done=0 raw_action=[-0.015010, -1.000000, +1.000000, +0.974704, +1.000000, +0.253809, -0.234308, +1.000000, +0.820784, -0.624182, -0.346624, +0.352404, +0.940601, -0.109732, +0.370682, +0.296731, +0.011958, +0.046259, +0.248274, +0.369986, +0.040709]
frame=136 t= 6.800s reward=+0.996447 done=0 raw_action=[+0.143116, -1.000000, +1.000000, +0.733940, +1.000000, +0.938066, -1.000000, +1.000000, +0.766089, -0.370480, -0.883731, +0.569870, +0.415264, -0.621189, -0.151465, -0.101964, +0.114974, +0.084535, -0.436044, +0.210958, +0.127609]
frame=137 t= 6.850s reward=+1.063434 done=0 raw_action=[-0.173133, -1.000000, +0.787322, +0.161041, +1.000000, +0.401303, -1.000000, +1.000000, +0.482375, -0.233646, -0.916134, +0.416551, +0.124131, -0.011034, +0.006982, +0.197406, +0.985866, -0.164100, -0.261649, +0.259398, -0.236425]
frame=138 t= 6.900s reward=-0.083990 done=0 raw_action=[-0.072953, -0.458137, -0.615529, -0.241590, +1.000000, -0.145660, -1.000000, +0.358039, -0.456327, +0.166366, -1.000000, -0.536908, +0.249575, -0.293384, -0.175171, -0.212777, +0.472390, -0.565337, -0.327009, -0.259846, -0.084117]
frame=139 t= 6.950s reward=+0.180954 done=0 raw_action=[+0.106563, -0.221329, -1.000000, -0.676985, +1.000000, +0.332969, -1.000000, -0.323491, -0.522377, +0.731000, -0.492120, -1.000000, +0.839458, +0.047367, -0.478427, -0.232431, -0.394467, -0.201275, -0.738404, -0.404402, +0.348071]
frame=140 t= 7.000s reward=+0.955405 done=0 raw_action=[+0.028798, +0.085879, -1.000000, -1.000000, +1.000000, +0.566629, -1.000000, -0.534168, -0.917814, +1.000000, +0.194843, -0.608028, +1.000000, +0.048082, -0.300725, -0.291406, -0.587805, -0.151990, -0.453664, +0.042752, +0.818827]
frame=141 t= 7.050s reward=+0.971714 done=0 raw_action=[-0.137943, +0.283980, -1.000000, -0.854536, +1.000000, +0.317702, -1.000000, -0.979723, -0.248189, +1.000000, -0.070359, -0.279491, +0.768086, -0.103138, -0.735570, -0.798932, -0.154902, +0.246120, -0.488436, +0.380007, +0.363997]
frame=142 t= 7.100s reward=+0.744278 done=0 raw_action=[-0.125248, +0.489757, -1.000000, -0.589563, +1.000000, +0.224863, -0.474925, -1.000000, -0.751890, +1.000000, -0.365225, +0.380644, +0.029094, -0.346599, -1.000000, -1.000000, +0.699251, +0.574392, -0.344185, +1.000000, +0.376415]
frame=143 t= 7.150s reward=+1.018948 done=0 raw_action=[-0.394907, +1.000000, -0.504451, -0.187774, +1.000000, +0.339298, +0.884764, -1.000000, -0.335351, +0.937258, -0.434427, +0.498799, -0.709682, +0.314323, -1.000000, -1.000000, +1.000000, +0.945118, +1.000000, +1.000000, +0.099849]
frame=144 t= 7.200s reward=+1.071973 done=0 raw_action=[+0.285602, +0.732860, +0.421519, +0.467206, +0.751252, +0.386687, +0.971484, -1.000000, -0.633002, +0.555452, -0.355578, +0.346431, -0.907554, +0.926457, -0.973638, -0.948123, -0.109762, +0.228440, +1.000000, -0.097722, -0.220164]
frame=145 t= 7.250s reward=+0.804588 done=0 raw_action=[-0.245086, -0.585473, +1.000000, -0.229036, +0.562625, +0.036369, +1.000000, -0.769194, -0.616911, +1.000000, -0.063624, +0.734613, -0.651282, +0.081098, +0.477547, +0.258369, -0.421813, +0.133597, +0.864996, -0.650077, -0.173291]
frame=146 t= 7.300s reward=+0.825013 done=0 raw_action=[-0.228201, -0.517417, +1.000000, -0.495249, +0.710139, +0.158769, +1.000000, +0.081230, +1.000000, +0.660374, +0.670541, +0.359915, -0.663578, +0.935335, +0.326191, +0.861571, -0.679444, -0.203302, +0.538846, -0.558583, -0.888048]
frame=147 t= 7.350s reward=+0.696398 done=0 raw_action=[-0.406357, +0.078424, +0.591030, -0.814433, +1.000000, -0.347941, +1.000000, +0.294268, +0.830938, -0.111233, -0.061599, +0.382711, -0.797782, +0.168539, +0.484311, +0.385628, -0.031658, -0.214410, -0.050386, -0.337026, -0.967820]
frame=148 t= 7.400s reward=-1.040516 done=0 raw_action=[+0.281036, +0.426948, -0.264498, -1.000000, +0.995992, +0.146275, +1.000000, +0.355207, +0.037246, -0.682165, +0.890288, -0.041678, -0.720747, +0.301271, +0.615814, +0.530892, -0.425171, -0.000300, -0.039271, -0.062807, -0.021338]
frame=149 t= 7.450s reward=+1.085796 done=0 raw_action=[-0.323494, +0.631056, -1.000000, -1.000000, +0.914895, -0.565793, +0.777092, +0.876145, +0.212419, -1.000000, +0.154197, -0.308778, -0.213950, +0.355193, +0.577176, -0.000267, -0.021534, +0.096686, +0.173507, -0.411322, +0.185980]
frame=150 t= 7.500s reward=+1.061703 done=0 raw_action=[+0.071489, +0.518258, -0.822823, -1.000000, +0.858945, -0.650726, +0.387053, +0.496488, -0.244344, -1.000000, +0.376846, -0.389168, -0.094475, -0.371185, +0.665509, +0.074713, -0.364020, -0.217910, -0.202698, -0.348508, +0.144056]
frame=151 t= 7.550s reward=+0.746987 done=0 raw_action=[+0.540194, +0.477286, +0.421414, -0.851101, +0.971041, +0.337218, -0.259498, +0.146855, +0.237956, -0.868316, +1.000000, -0.714706, +0.046461, +0.174211, +0.558205, +0.518279, -0.699233, +0.175299, -0.018863, -0.096652, +0.353744]
frame=152 t= 7.600s reward=+1.022543 done=0 raw_action=[+0.183495, +0.467795, +0.790080, -0.715573, +1.000000, -0.952619, +0.173854, +0.386418, +0.145212, -0.936537, +0.693012, -0.454324, +0.339839, -0.537762, +0.588920, -0.100645, -0.004903, -0.323702, -0.190738, +0.062334, -0.390591]
frame=153 t= 7.650s reward=-0.283960 done=0 raw_action=[+1.000000, +0.273863, +1.000000, +0.434760, +1.000000, +0.011745, +0.227365, -0.196073, -0.071479, -0.851132, +1.000000, -0.478154, +0.308071, -0.363739, +0.347925, +0.146922, -0.749191, -0.194331, -0.390772, -0.250690, +0.039456]
frame=154 t= 7.700s reward=-0.334552 done=0 raw_action=[+0.079031, -0.519695, +1.000000, +0.801172, +1.000000, -0.096506, -0.013103, +0.522217, +0.647779, -0.737849, -0.291011, -0.394040, +0.566497, -0.271030, +0.415264, -0.145969, -0.007240, -0.387553, -0.198831, +0.257265, +0.087867]
frame=155 t= 7.750s reward=+0.697909 done=0 raw_action=[+0.100011, -1.000000, +1.000000, +1.000000, +1.000000, +0.855341, -0.546534, +1.000000, +0.611290, -0.535939, -0.491095, +0.176545, +0.591183, -0.451061, -0.049110, +0.100379, -0.366712, +0.280599, -0.056631, +0.514673, -0.057636]
frame=156 t= 7.800s reward=+0.942569 done=0 raw_action=[+0.265654, -1.000000, +1.000000, +0.849690, +1.000000, +0.880501, -1.000000, +0.900767, +1.000000, -0.593584, -0.854437, +0.871650, +0.519071, -0.369553, -0.004536, +0.204022, +0.262614, -0.078491, -0.054770, -0.023699, +0.022190]
frame=157 t= 7.850s reward=+1.070613 done=0 raw_action=[-0.145988, -0.912368, +0.415097, +0.113863, +1.000000, -0.009268, -1.000000, +0.416237, +0.289439, -0.355018, -1.000000, +0.608444, -0.085376, -0.262672, +0.068907, -0.164523, +0.988614, -0.110783, -0.180797, -0.036820, -0.240333]
frame=158 t= 7.900s reward=+1.062672 done=0 raw_action=[-0.254010, -0.383984, -0.902462, -0.477910, +1.000000, +0.050646, -1.000000, +0.207829, -0.173797, +0.294192, -1.000000, -0.710438, +0.182166, +0.001229, -0.531447, -0.308601, +0.314949, -0.483827, -0.686647, -0.721633, +0.018914]
frame=159 t= 7.950s reward=+0.800793 done=0 raw_action=[-0.051159, -0.525167, -1.000000, -0.755240, +1.000000, +0.405753, -1.000000, +0.124180, -0.953753, +1.000000, -0.384589, -0.867217, +0.715934, -0.217582, -0.292431, -0.020000, -0.433653, -0.661879, -0.316823, -0.016253, +0.808016]
frame=160 t= 8.000s reward=+0.948460 done=0 raw_action=[+0.104737, -0.008177, -1.000000, -1.000000, +1.000000, +0.374938, -1.000000, -0.627904, -0.923449, +1.000000, +0.225605, -0.310686, +0.771753, -0.301037, -0.115279, -0.482544, -0.679090, -0.098615, -0.575279, -0.039298, +0.748711]
frame=161 t= 8.050s reward=+0.885243 done=0 raw_action=[-0.009430, +0.378299, -1.000000, -1.000000, +1.000000, +0.464110, -1.000000, -0.944616, -0.517727, +1.000000, +0.469156, +0.041679, +0.707315, -0.233492, -0.464814, -0.558389, -0.223783, +0.190730, -0.345586, +0.468119, +0.392891]
frame=162 t= 8.100s reward=+0.778382 done=0 raw_action=[-0.185433, +0.425711, -1.000000, -0.625367, +1.000000, +0.576427, -0.773639, -1.000000, -0.326449, +1.000000, -0.260386, +0.236410, +0.230997, +0.007013, -1.000000, -1.000000, +0.590787, +1.000000, -0.184664, +1.000000, -0.174875]
frame=163 t= 8.150s reward=+0.967746 done=0 raw_action=[-0.617993, +0.942307, -0.772002, -0.207504, +1.000000, +0.283533, +0.618203, -1.000000, -0.157534, +1.000000, -0.864935, +0.554018, -0.350257, +0.369052, -1.000000, -1.000000, +1.000000, +0.881104, +0.645591, +1.000000, -0.202146]
frame=164 t= 8.200s reward=+1.033386 done=0 raw_action=[+0.049094, +1.000000, +0.456615, +0.619681, +0.867253, +0.117848, +1.000000, -1.000000, -0.486426, +0.660195, -0.870725, +0.583734, -0.811660, +0.998021, -1.000000, -1.000000, +0.436698, +0.464694, +1.000000, -0.101336, -0.240974]
frame=165 t= 8.250s reward=-1.842705 done=0 raw_action=[+0.113355, -0.390102, +1.000000, +0.242988, +0.593488, -0.131138, +1.000000, -0.627109, -1.000000, +0.986773, -0.230204, +0.700295, -1.000000, +0.378308, -0.160212, -0.057772, -0.704237, -0.336676, +0.865580, -0.628273, -0.026542]
frame=166 t= 8.300s reward=+1.016238 done=0 raw_action=[-0.615378, -1.000000, +1.000000, -0.750152, +0.874911, -0.526199, +1.000000, +0.846918, +0.582308, +0.519824, +0.450771, +0.678950, -0.477801, +0.403568, +1.000000, +0.786359, -0.337440, +0.047810, +0.501922, -0.829320, -1.000000]
frame=167 t= 8.350s reward=+0.829798 done=0 raw_action=[+0.657925, -0.211964, +0.771956, -0.732283, +0.989992, +0.578202, +1.000000, -0.698105, +0.885603, +0.319419, +0.561445, +0.092043, -1.000000, +0.685333, +0.632568, +0.360309, -0.715853, -0.007861, +0.120839, +0.015075, -0.593778]
frame=168 t= 8.400s reward=+0.047536 done=0 raw_action=[-0.627724, +0.042014, -0.228277, -1.000000, +0.856219, -0.628506, +1.000000, +0.723246, +0.512991, -0.137937, +0.259392, +0.073655, -0.491555, +0.292801, +0.510625, +0.881556, +0.456405, -0.087234, -0.382422, -0.124516, -0.170514]
frame=169 t= 8.450s reward=+0.039685 done=0 raw_action=[+0.609498, +1.000000, -0.635538, -0.989861, +0.836381, +0.442781, +1.000000, +0.049659, +0.519624, -0.592381, +0.750217, -0.754342, -0.061313, +1.000000, -0.337864, +0.361169, -0.799596, +0.306295, +0.615884, -0.131959, +0.236552]
frame=170 t= 8.500s reward=+1.102477 done=0 raw_action=[-0.140058, +0.725746, -1.000000, -1.000000, +0.914568, -0.710706, +0.548079, +0.699705, -0.056808, -1.000000, +0.167084, -0.641831, -0.125762, -0.192787, +0.640871, +0.049637, -0.060423, -0.384373, -0.300428, -0.170219, -0.064042]
frame=171 t= 8.550s reward=+1.100832 done=0 raw_action=[+0.068319, +0.814276, -0.430713, -1.000000, +0.928034, -0.032101, +0.275425, +0.358482, -0.200467, -0.973117, +0.991017, -0.645208, +0.127695, -0.001930, +0.720240, +0.312874, -0.534652, +0.123349, +0.125442, +0.000144, +0.369285]
frame=172 t= 8.600s reward=+1.108620 done=0 raw_action=[+0.236696, +0.765948, +0.134938, -1.000000, +1.000000, -0.511193, -0.016937, +0.264937, +0.393628, -1.000000, +0.810711, -0.745751, -0.130084, -0.602198, +0.672128, -0.148964, -0.445836, -0.744416, -0.354912, -0.056198, +0.054176]
frame=173 t= 8.650s reward=+1.052935 done=0 raw_action=[+0.752565, +0.749040, +1.000000, -0.390731, +1.000000, -0.231726, -0.092508, -0.304884, +0.208946, -1.000000, +1.000000, -0.841901, +0.289290, -0.532002, +0.635316, +0.127342, -0.856708, +0.403175, -0.079383, +0.044288, -0.066379]
frame=174 t= 8.700s reward=+1.061042 done=0 raw_action=[+0.333493, +0.102017, +1.000000, +0.588494, +1.000000, -0.892910, +0.588692, +0.488560, +0.261897, -1.000000, +0.648367, -0.643843, +0.523385, -0.370039, +0.298031, +0.168443, -0.145995, -0.425002, +0.198924, +0.052923, -0.177782]
frame=175 t= 8.750s reward=+0.865929 done=0 raw_action=[+0.653281, -0.678663, +1.000000, +1.000000, +1.000000, +0.150245, +0.300423, +0.376095, +0.099159, -0.998943, -0.115966, -0.154519, +0.705641, -0.562502, +0.034215, -0.214202, -0.332851, -0.125603, -0.727459, +0.003299, -0.074100]
frame=176 t= 8.800s reward=+0.713286 done=0 raw_action=[+0.986591, -1.000000, +1.000000, +1.000000, +1.000000, +1.000000, -0.637946, +0.758550, +1.000000, -0.633542, -0.897181, +0.354595, +0.637638, -0.693471, +0.076433, -0.105390, -0.540431, +0.465230, +0.119033, +0.582813, +0.203450]
frame=177 t= 8.850s reward=+0.857222 done=0 raw_action=[+0.857670, -1.000000, +1.000000, +1.000000, +1.000000, +1.000000, -1.000000, +0.553634, +1.000000, -0.516069, -0.608831, +0.913095, +0.632430, -0.885776, -0.171578, +0.479780, -0.443748, +0.546778, -0.189014, -0.121661, -0.240742]
frame=178 t= 8.900s reward=+1.024723 done=0 raw_action=[+0.007534, -1.000000, +0.624431, +0.188511, +1.000000, +0.461411, -1.000000, +0.603333, +0.017420, -0.175410, -0.913227, +0.217622, -0.592001, -0.005334, -0.024024, +0.049355, +0.943526, -0.321371, -0.120779, +0.199151, +0.152995]
frame=179 t= 8.950s reward=-0.434072 done=0 raw_action=[+0.020464, -0.140961, -0.951666, -0.509208, +1.000000, +0.304031, -1.000000, -0.003452, -0.557552, -0.133790, -0.779407, -0.605431, -0.570317, +0.305459, -0.086942, -0.187824, +0.750214, -0.801073, -0.287743, -0.695857, -0.081711]
frame=180 t= 9.000s reward=+0.174001 done=0 raw_action=[-0.355610, -0.162919, -1.000000, -1.000000, +1.000000, +0.571172, -1.000000, +0.224785, -1.000000, +0.706703, +0.043636, -0.711206, +0.496639, -0.137561, -0.189716, -0.059239, -0.058813, -0.486941, -0.447426, -0.601380, +0.491026]
frame=181 t= 9.050s reward=+1.041239 done=0 raw_action=[-0.025029, -0.238258, -1.000000, -1.000000, +1.000000, +0.623832, -1.000000, -0.243531, -0.738521, +1.000000, +0.081743, -0.349966, +0.816900, +0.081553, -0.314755, -0.371622, -0.600322, -0.529051, -0.514801, -0.268074, +0.816065]
frame=182 t= 9.100s reward=+0.929560 done=0 raw_action=[+0.268285, +0.173405, -1.000000, -1.000000, +1.000000, +0.585614, -1.000000, -0.804185, -0.995785, +1.000000, +0.755539, +0.376037, +0.945705, -0.479139, -0.263683, -0.694841, -0.598025, -0.215273, -0.765099, -0.042989, +0.190042]
frame=183 t= 9.150s reward=+0.900274 done=0 raw_action=[-0.062758, +0.090816, -1.000000, -0.987625, +1.000000, +0.573148, -1.000000, -0.962210, -0.440876, +1.000000, +0.208184, +0.276417, +0.132380, -0.457266, -0.516881, -0.959996, +0.190154, +0.312264, -0.487553, +0.894230, +0.224656]
frame=184 t= 9.200s reward=+1.020451 done=0 raw_action=[-0.380624, -0.040030, -1.000000, -0.494958, +1.000000, +0.700317, -0.885934, -1.000000, -0.021311, +1.000000, -0.556259, +0.274824, -0.284668, +0.119143, -1.000000, -1.000000, +0.712014, +1.000000, -0.256751, +1.000000, -0.710459]
frame=185 t= 9.250s reward=+1.043732 done=0 raw_action=[-0.598191, +0.628191, -0.812286, -0.102928, +1.000000, +0.069522, +1.000000, -1.000000, -0.361890, +0.944572, -1.000000, +0.751718, -0.785888, +0.721100, -1.000000, -1.000000, +1.000000, +0.866359, +1.000000, +1.000000, -0.024852]
frame=186 t= 9.300s reward=-0.162671 done=0 raw_action=[+0.057728, +0.458169, +0.885493, +0.938564, +0.888175, -0.220357, +1.000000, -0.762314, -0.651728, +0.574811, -1.000000, +0.952234, -0.865027, +0.832179, -0.900797, -1.000000, -0.059495, +0.091180, +1.000000, -0.628455, -0.339867]
frame=187 t= 9.350s reward=+0.801276 done=0 raw_action=[-0.097648, -0.973774, +1.000000, +0.187943, +0.698643, -0.319356, +1.000000, -0.171333, -0.238913, +1.000000, -0.502598, +0.868514, -0.897780, +0.458530, +0.499964, +0.315969, -0.516834, -0.068973, +1.000000, -0.615186, -0.197925]
frame=188 t= 9.400s reward=+0.977879 done=0 raw_action=[+0.104481, -0.831834, +1.000000, -0.631355, +0.847612, +0.178248, +1.000000, +0.410974, +1.000000, +0.891835, +0.672751, +0.541319, -0.439299, +0.773769, +0.735562, +1.000000, -0.736320, +0.379510, +0.681085, -0.342774, -0.765560]
frame=189 t= 9.450s reward=+0.529321 done=0 raw_action=[+0.129422, +0.192242, +1.000000, -0.655863, +0.982641, +0.569545, +1.000000, -0.042652, +1.000000, +0.458395, +0.571546, -0.012752, -0.484510, +0.788221, +0.217067, +0.772856, -0.611602, +0.258658, +0.103900, +0.156856, -0.515089]
frame=190 t= 9.500s reward=+0.481626 done=0 raw_action=[-0.619943, +1.000000, -0.096907, -0.474182, +1.000000, -0.483547, +1.000000, +0.600094, +0.618718, -0.385319, -0.599407, -0.404459, +0.016074, +0.312618, -0.097433, -0.041268, +0.232306, -0.255620, -0.147255, -0.470214, -0.213516]
frame=191 t= 9.550s reward=+1.123753 done=0 raw_action=[+0.110521, +1.000000, -1.000000, -0.960438, +0.999354, -0.187527, +1.000000, +0.527107, +0.003613, -0.950835, +0.167959, -0.396325, -0.146761, +0.471388, +0.176181, +0.186341, +0.100956, -0.174173, +0.298042, +0.002768, +0.524698]
frame=192 t= 9.600s reward=+1.104286 done=0 raw_action=[+0.387105, +0.784637, -1.000000, -1.000000, +0.974229, -0.148651, +0.594476, +0.493569, -0.415180, -1.000000, +0.962985, -0.561419, -0.277889, +0.008178, +0.614829, +0.546790, -0.813367, -0.337039, -0.101256, -0.203020, +0.511148]
frame=193 t= 9.650s reward=+0.983493 done=0 raw_action=[+0.446776, +0.598886, +0.135948, -1.000000, +1.000000, -0.149106, -0.280956, +0.484893, +0.126480, -1.000000, +1.000000, -0.489887, +0.041775, -0.324398, +0.870766, +0.357720, -0.697241, -0.118021, -0.075940, -0.017832, +0.359660]
frame=194 t= 9.700s reward=+1.020496 done=0 raw_action=[+0.765652, +0.446792, +1.000000, -0.522999, +1.000000, -0.855588, -0.079521, +0.280337, +0.246449, -1.000000, +1.000000, -0.728819, +0.056577, -0.492473, +0.906039, +0.244610, -0.698945, -0.472011, -0.075852, +0.145213, +0.213452]
frame=195 t= 9.750s reward=+0.988549 done=0 raw_action=[+0.517490, +0.915384, +1.000000, +0.375898, +1.000000, +0.303203, +0.403238, -0.859145, +0.199673, -1.000000, +1.000000, -1.000000, -0.107724, -0.888567, -0.192697, -0.155880, -1.000000, +0.292674, -0.591426, +0.023774, -0.135671]
frame=196 t= 9.800s reward=-0.072089 done=0 raw_action=[+0.861298, -0.256140, +1.000000, +0.874152, +1.000000, -0.071052, +0.356466, -0.681970, +0.621553, -1.000000, +0.954289, -0.984862, +0.238477, -0.424758, -0.123311, -0.204609, -0.474200, +0.248476, +0.352696, +0.819183, -0.008710]
frame=197 t= 9.850s reward=-0.497358 done=0 raw_action=[+0.459918, -1.000000, +1.000000, +0.720811, +0.875681, +1.000000, -1.000000, -0.192895, +0.771251, -0.822209, +0.171546, -0.155273, +0.482878, -0.888859, -0.478965, -0.096432, -0.007714, +0.663600, +0.001664, +0.263695, -0.406608]
frame=198 t= 9.900s reward=+1.033193 done=0 raw_action=[+0.633763, -1.000000, +1.000000, +1.000000, +0.972644, +0.284757, -0.505872, +1.000000, +0.365775, -0.844427, -0.668039, +1.000000, +0.267349, -0.151426, +0.534665, -0.064866, +0.420799, -0.005214, -0.186776, +0.117906, -0.053463]
frame=199 t= 9.950s reward=+1.006288 done=0 raw_action=[+0.678942, -1.000000, +1.000000, +1.000000, +1.000000, +0.277494, -0.970026, +1.000000, +0.263446, -0.684251, -0.645660, +1.000000, +0.026730, -0.070664, +0.314967, +0.256738, +0.258750, +0.053793, +0.000747, -0.818900, -0.354166]
