# task=cylinder
# algo=ProprioAdapt
# checkpoint=/home/tan/hora/BrainCo/outputs/revo3_right/stage2_smoke2/stage2_nn/model_best_latent.ckpt
# policy_dt_sec=0.050000
# policy_hz=20.000000
# action_semantics=delta
# action_formula=target=prev_target+(1/24)*raw_action then clamp(joint_limits)
# raw_action_definition=policy clamped delta output mu (pre delta-integration, [-1,1])
# target_definition=cur_targets (delta-accumulated + joint-limit clamped, used in PD formula)
# jointpos_definition=hand.data.joint_pos (absolute joint angles, rad)
# joint_order=0:right_index_MPR_joint, 1:right_little_MPR_joint, 2:right_middle_MPR_joint, 3:right_ring_MPR_joint, 4:right_thumb_CMP_joint, 5:right_index_MCP_joint, 6:right_little_MCP_joint, 7:right_middle_MCP_joint, 8:right_ring_MCP_joint, 9:right_thumb_CMR_joint, 10:right_index_PIP_joint, 11:right_little_PIP_joint, 12:right_middle_PIP_joint, 13:right_ring_PIP_joint, 14:right_thumb_MCP_joint, 15:right_index_DIP_joint, 16:right_little_DIP_joint, 17:right_middle_DIP_joint, 18:right_ring_DIP_joint, 19:right_thumb_PIP_joint, 20:right_thumb_DIP_joint

frame=000 t= 0.000s reward=-2.150006 done=0 target=[+0.150096, -0.138140, -0.038267, -0.233538, +1.671236, +1.303640, +1.272647, +1.069759, +0.894760, +1.104057, +0.405301, +0.355678, +0.199050, +0.333219, +0.422784, +0.097280, +0.150874, +0.184784, +0.176502, +0.313774, +0.172080]
frame=001 t= 0.050s reward=-1.444716 done=0 target=[+0.108429, -0.096473, -0.079934, -0.233879, +1.699681, +1.286007, +1.253977, +1.111425, +0.936426, +1.073408, +0.419648, +0.355381, +0.240717, +0.374885, +0.464450, +0.056865, +0.164589, +0.205381, +0.218169, +0.355441, +0.165829]
frame=002 t= 0.100s reward=+0.671664 done=0 target=[+0.122182, -0.054806, -0.098838, -0.235620, +1.727910, +1.287409, +1.289448, +1.069759, +0.978093, +1.058258, +0.430148, +0.369513, +0.260836, +0.416552, +0.445579, +0.015198, +0.172060, +0.175590, +0.176502, +0.397107, +0.143189]
frame=003 t= 0.150s reward=-0.230311 done=0 target=[+0.126266, -0.013140, -0.090523, -0.235620, +1.727910, +1.260748, +1.316712, +1.053722, +0.976533, +1.028309, +0.436626, +0.411180, +0.302272, +0.429476, +0.433047, +0.006678, +0.191252, +0.188748, +0.142999, +0.383730, +0.126377]
frame=004 t= 0.200s reward=+0.110018 done=0 target=[+0.139515, -0.007781, -0.070944, -0.235620, +1.727910, +1.238279, +1.335150, +1.043615, +0.969662, +1.003153, +0.478293, +0.447093, +0.327150, +0.389687, +0.467865, +0.032392, +0.182426, +0.171931, +0.133575, +0.385991, +0.084710]
frame=005 t= 0.250s reward=-1.129815 done=0 target=[+0.134360, +0.012242, -0.048516, -0.235620, +1.727910, +1.238344, +1.319306, +1.074931, +1.011329, +0.961486, +0.512326, +0.430028, +0.368817, +0.378808, +0.499029, +0.042586, +0.148149, +0.135160, +0.125367, +0.367967, +0.043044]
frame=006 t= 0.300s reward=-1.657268 done=0 target=[+0.135443, +0.027337, -0.028019, -0.235620, +1.727910, +1.197896, +1.322736, +1.094745, +1.025603, +0.919819, +0.516393, +0.424030, +0.410483, +0.357791, +0.536160, +0.036117, +0.144446, +0.114873, +0.091451, +0.355978, +0.024136]
frame=007 t= 0.350s reward=+0.422793 done=0 target=[+0.151980, +0.052592, -0.007880, -0.235620, +1.727910, +1.183752, +1.333182, +1.076865, +1.045601, +0.878153, +0.522715, +0.388730, +0.452150, +0.341135, +0.564089, +0.023026, +0.139798, +0.090630, +0.070390, +0.353009, +0.010973]
frame=008 t= 0.400s reward=-1.712090 done=0 target=[+0.174244, +0.047122, +0.025673, -0.235620, +1.727910, +1.164328, +1.335150, +1.060050, +1.062170, +0.838941, +0.511972, +0.372388, +0.493817, +0.328624, +0.570688, +0.028223, +0.122186, +0.093676, +0.043408, +0.341254, +0.000000]
frame=009 t= 0.450s reward=+0.709775 done=0 target=[+0.185082, +0.005455, +0.067340, -0.222475, +1.727910, +1.164648, +1.335150, +1.062649, +1.081223, +0.807257, +0.492154, +0.393759, +0.535483, +0.328848, +0.566446, +0.057915, +0.094973, +0.093507, +0.020417, +0.336983, +0.000000]
frame=010 t= 0.500s reward=-0.583361 done=0 target=[+0.212175, -0.036212, +0.109006, -0.194442, +1.727910, +1.206315, +1.313779, +1.061543, +1.122890, +0.784904, +0.450488, +0.416584, +0.571208, +0.331276, +0.555682, +0.072183, +0.056031, +0.083460, +0.003102, +0.360463, +0.014125]
frame=011 t= 0.550s reward=-0.808054 done=0 target=[+0.227972, -0.077878, +0.150673, -0.152775, +1.727910, +1.242633, +1.278664, +1.091871, +1.143799, +0.776270, +0.408821, +0.458251, +0.598756, +0.318408, +0.563729, +0.061412, +0.036996, +0.083214, +0.000000, +0.381610, +0.048043]
frame=012 t= 0.600s reward=+0.823632 done=0 target=[+0.229491, -0.119545, +0.192266, -0.111109, +1.727910, +1.262655, +1.236997, +1.133538, +1.141091, +0.781090, +0.367154, +0.499918, +0.590364, +0.306058, +0.551792, +0.049813, +0.031554, +0.060870, +0.000000, +0.403110, +0.075413]
frame=013 t= 0.650s reward=+0.764456 done=0 target=[+0.230474, -0.161212, +0.205220, -0.071036, +1.727910, +1.270500, +1.195331, +1.169468, +1.161017, +0.787306, +0.325488, +0.536160, +0.569634, +0.320962, +0.531286, +0.041420, +0.060839, +0.040603, +0.000000, +0.389119, +0.086047]
frame=014 t= 0.700s reward=+0.875405 done=0 target=[+0.209517, -0.202878, +0.190857, -0.051770, +1.727910, +1.277971, +1.153664, +1.211135, +1.161357, +0.811435, +0.283821, +0.567231, +0.563302, +0.321709, +0.517124, +0.035239, +0.085851, +0.014795, +0.000000, +0.394566, +0.111706]
frame=015 t= 0.750s reward=+0.651684 done=0 target=[+0.209421, -0.233242, +0.149190, -0.062523, +1.727910, +1.278349, +1.111997, +1.245708, +1.178545, +0.845661, +0.242154, +0.586840, +0.574141, +0.316264, +0.502610, +0.026777, +0.078463, +0.000000, +0.000000, +0.385125, +0.147404]
frame=016 t= 0.800s reward=+0.109894 done=0 target=[+0.220404, -0.234793, +0.107523, -0.104190, +1.727910, +1.281516, +1.070331, +1.261494, +1.161711, +0.887328, +0.211701, +0.618891, +0.584449, +0.285565, +0.484018, +0.004223, +0.050916, +0.000000, +0.000000, +0.378269, +0.181916]
frame=017 t= 0.850s reward=+0.787262 done=0 target=[+0.235620, -0.217629, +0.067935, -0.145857, +1.727910, +1.316324, +1.028664, +1.279282, +1.135742, +0.928995, +0.248497, +0.650980, +0.593362, +0.262813, +0.464327, +0.000000, +0.009249, +0.000000, +0.000000, +0.369155, +0.213472]
frame=018 t= 0.900s reward=-0.648443 done=0 target=[+0.235620, -0.197541, +0.028859, -0.187523, +1.727910, +1.335150, +0.996350, +1.266793, +1.108479, +0.970662, +0.285614, +0.685545, +0.584426, +0.228805, +0.437454, +0.000000, +0.000000, +0.001295, +0.000000, +0.380140, +0.223847]
frame=019 t= 0.950s reward=+1.015854 done=0 target=[+0.235620, -0.192321, +0.008838, -0.229190, +1.727910, +1.330075, +1.038017, +1.252352, +1.075395, +1.012328, +0.302116, +0.706932, +0.550113, +0.223319, +0.425995, +0.000000, +0.000010, +0.042961, +0.006065, +0.368718, +0.211654]
frame=020 t= 1.000s reward=+1.052029 done=0 target=[+0.235620, -0.171728, +0.019468, -0.231990, +1.727910, +1.335150, +1.079684, +1.229520, +1.041260, +1.052323, +0.294863, +0.710155, +0.508545, +0.241093, +0.411650, +0.000000, +0.001910, +0.082807, +0.047731, +0.370992, +0.188978]
frame=021 t= 1.050s reward=+0.229032 done=0 target=[+0.235620, -0.165805, +0.048278, -0.220269, +1.727910, +1.331218, +1.121350, +1.216144, +1.009529, +1.076248, +0.288978, +0.699349, +0.476406, +0.282759, +0.400444, +0.000000, +0.000000, +0.105679, +0.088659, +0.343831, +0.159044]
frame=022 t= 1.100s reward=-0.949673 done=0 target=[+0.228525, -0.146687, +0.079551, -0.215040, +1.727910, +1.334893, +1.163017, +1.223411, +1.003111, +1.096856, +0.285829, +0.678221, +0.481953, +0.324426, +0.397576, +0.026768, +0.007318, +0.131969, +0.126941, +0.334282, +0.145237]
frame=023 t= 1.150s reward=+1.123830 done=0 target=[+0.216827, -0.126366, +0.079387, -0.235620, +1.727910, +1.317703, +1.204684, +1.230348, +1.010637, +1.097987, +0.274641, +0.647760, +0.477376, +0.360294, +0.413747, +0.040001, +0.041794, +0.109942, +0.136375, +0.320976, +0.128209]
frame=024 t= 1.200s reward=+0.855737 done=0 target=[+0.216776, -0.094631, +0.052269, -0.235620, +1.727910, +1.327523, +1.246350, +1.220593, +1.024981, +1.081583, +0.291333, +0.615169, +0.473240, +0.401733, +0.426307, +0.062402, +0.043927, +0.131189, +0.141880, +0.333637, +0.121934]
frame=025 t= 1.250s reward=+0.640642 done=0 target=[+0.221294, -0.063257, +0.010603, -0.235620, +1.727910, +1.324314, +1.288017, +1.221549, +1.039341, +1.051335, +0.317867, +0.576787, +0.467131, +0.398280, +0.448724, +0.088848, +0.039768, +0.127185, +0.139245, +0.341157, +0.134564]
frame=026 t= 1.300s reward=+0.520989 done=0 target=[+0.215973, -0.036721, -0.010940, -0.235620, +1.727910, +1.295038, +1.302418, +1.233598, +1.037584, +1.011735, +0.358675, +0.549780, +0.467462, +0.391369, +0.476096, +0.097566, +0.037933, +0.120640, +0.130250, +0.326520, +0.130140]
frame=027 t= 1.350s reward=+0.035602 done=0 target=[+0.231482, -0.009634, -0.017364, -0.235620, +1.727910, +1.276795, +1.299406, +1.236057, +1.048417, +0.970068, +0.400342, +0.512015, +0.464181, +0.394623, +0.511632, +0.090236, +0.038523, +0.102529, +0.123962, +0.335344, +0.138177]
frame=028 t= 1.400s reward=+1.040876 done=0 target=[+0.235620, +0.020829, +0.013426, -0.235620, +1.727910, +1.266979, +1.305913, +1.194798, +1.056710, +0.928401, +0.442009, +0.473871, +0.459874, +0.398596, +0.537151, +0.091268, +0.021779, +0.107286, +0.111005, +0.352849, +0.155844]
frame=029 t= 1.450s reward=+1.050117 done=0 target=[+0.235620, +0.052099, +0.055093, -0.235620, +1.727910, +1.240713, +1.316926, +1.176777, +1.052620, +0.886735, +0.483675, +0.432204, +0.494185, +0.365842, +0.531183, +0.096844, +0.019514, +0.117163, +0.103555, +0.343601, +0.167490]
frame=030 t= 1.500s reward=+0.900769 done=0 target=[+0.235620, +0.029342, +0.096759, -0.206593, +1.727910, +1.230298, +1.335150, +1.147173, +1.053989, +0.845068, +0.506006, +0.390538, +0.519298, +0.352115, +0.511028, +0.094028, +0.006309, +0.127786, +0.098980, +0.351782, +0.174778]
frame=031 t= 1.550s reward=-1.081391 done=0 target=[+0.235620, -0.012325, +0.138426, -0.164927, +1.727910, +1.257764, +1.320869, +1.164071, +1.095655, +0.804567, +0.475605, +0.404834, +0.544610, +0.333588, +0.503073, +0.084701, +0.000000, +0.158355, +0.104907, +0.356250, +0.156298]
frame=032 t= 1.600s reward=+1.026420 done=0 target=[+0.235620, -0.053992, +0.180093, -0.123260, +1.727910, +1.290030, +1.318326, +1.205737, +1.115906, +0.778030, +0.435973, +0.446501, +0.554203, +0.314162, +0.506834, +0.106069, +0.000000, +0.167228, +0.118076, +0.382167, +0.161398]
frame=033 t= 1.650s reward=+0.988142 done=0 target=[+0.235620, -0.095658, +0.221759, -0.081593, +1.727910, +1.320827, +1.276660, +1.247404, +1.122610, +0.751438, +0.394307, +0.488167, +0.572446, +0.278566, +0.500078, +0.129194, +0.000000, +0.174583, +0.120297, +0.383343, +0.156219]
frame=034 t= 1.700s reward=+1.019742 done=0 target=[+0.235620, -0.137325, +0.235620, -0.044305, +1.727910, +1.326125, +1.234993, +1.287193, +1.119723, +0.734328, +0.352640, +0.529834, +0.542861, +0.287381, +0.504834, +0.135282, +0.025464, +0.157447, +0.126357, +0.379191, +0.147241]
frame=035 t= 1.750s reward=+1.018293 done=0 target=[+0.235620, -0.173526, +0.229864, -0.018877, +1.727910, +1.327824, +1.193326, +1.327228, +1.078056, +0.740342, +0.310973, +0.553966, +0.520950, +0.262520, +0.489640, +0.119448, +0.048850, +0.115780, +0.099935, +0.380719, +0.157937]
frame=036 t= 1.800s reward=+0.173576 done=0 target=[+0.235620, -0.179509, +0.188198, -0.052688, +1.727910, +1.335150, +1.151660, +1.330178, +1.036390, +0.759421, +0.279879, +0.533183, +0.500111, +0.256438, +0.491288, +0.117833, +0.067961, +0.074447, +0.094063, +0.355277, +0.163892]
frame=037 t= 1.850s reward=+0.533496 done=0 target=[+0.216442, -0.191133, +0.146531, -0.087719, +1.727910, +1.335150, +1.109993, +1.330404, +1.004258, +0.799871, +0.291424, +0.515203, +0.541777, +0.254949, +0.476045, +0.123243, +0.051928, +0.062701, +0.084339, +0.331509, +0.175865]
frame=038 t= 1.900s reward=+1.029615 done=0 target=[+0.223349, -0.185990, +0.104864, -0.129385, +1.727910, +1.335150, +1.068327, +1.302605, +0.978060, +0.841537, +0.323802, +0.517575, +0.577359, +0.260239, +0.474357, +0.104186, +0.024819, +0.034422, +0.069964, +0.338863, +0.217532]
frame=039 t= 1.950s reward=+0.649912 done=0 target=[+0.235620, -0.162331, +0.063198, -0.171052, +1.727910, +1.335150, +1.026660, +1.260939, +0.960325, +0.883204, +0.354577, +0.529903, +0.595656, +0.255282, +0.463300, +0.062520, +0.007879, +0.030456, +0.044203, +0.348145, +0.250803]
frame=040 t= 2.000s reward=-0.090450 done=0 target=[+0.235441, -0.151550, +0.021531, -0.212719, +1.727910, +1.335150, +0.984993, +1.221414, +0.936268, +0.924871, +0.379444, +0.551641, +0.608589, +0.227777, +0.435453, +0.020853, +0.023470, +0.056535, +0.013683, +0.360020, +0.231504]
frame=041 t= 2.050s reward=+1.036972 done=0 target=[+0.235620, -0.167202, -0.020136, -0.235620, +1.727910, +1.335150, +0.974559, +1.179747, +0.934017, +0.966537, +0.378437, +0.569859, +0.588944, +0.215128, +0.398137, +0.000000, +0.051062, +0.090948, +0.021722, +0.401687, +0.204013]
frame=042 t= 2.100s reward=+1.003866 done=0 target=[+0.209403, -0.150096, -0.053871, -0.235620, +1.727910, +1.335150, +1.016225, +1.138081, +0.942769, +0.994778, +0.336770, +0.600518, +0.552417, +0.247769, +0.356470, +0.000000, +0.092728, +0.124332, +0.063389, +0.443353, +0.195157]
frame=043 t= 2.150s reward=+1.067423 done=0 target=[+0.207564, -0.140832, -0.023002, -0.201587, +1.727910, +1.322013, +1.057892, +1.096414, +0.901102, +1.019012, +0.295104, +0.632096, +0.510750, +0.274485, +0.328005, +0.000000, +0.074904, +0.130837, +0.105055, +0.424114, +0.204812]
frame=044 t= 2.200s reward=+1.076816 done=0 target=[+0.189430, -0.166770, +0.018665, -0.174084, +1.727910, +1.322584, +1.099558, +1.112379, +0.896827, +1.049036, +0.269158, +0.665985, +0.481850, +0.316152, +0.327399, +0.003335, +0.055267, +0.158955, +0.146722, +0.382448, +0.181584]
frame=045 t= 2.250s reward=+1.056035 done=0 target=[+0.176403, -0.177599, +0.060332, -0.187893, +1.727910, +1.326181, +1.141225, +1.135494, +0.933990, +1.088037, +0.260331, +0.689739, +0.452544, +0.353061, +0.331090, +0.030897, +0.051410, +0.162973, +0.188389, +0.374477, +0.170202]
frame=046 t= 2.300s reward=+0.902515 done=0 target=[+0.197028, -0.168517, +0.101998, -0.210841, +1.727910, +1.333266, +1.182892, +1.128801, +0.950461, +1.097022, +0.267775, +0.695112, +0.427228, +0.373794, +0.333532, +0.051127, +0.030638, +0.150595, +0.188498, +0.372429, +0.167566]
frame=047 t= 2.350s reward=+0.456000 done=0 target=[+0.181522, -0.146576, +0.120278, -0.232482, +1.727910, +1.333941, +1.224558, +1.126060, +0.963054, +1.081192, +0.276227, +0.675018, +0.421327, +0.387749, +0.334406, +0.077367, +0.011819, +0.179197, +0.185223, +0.360311, +0.153793]
frame=048 t= 2.400s reward=+0.730908 done=0 target=[+0.184877, -0.125901, +0.096071, -0.235620, +1.727910, +1.321719, +1.266225, +1.136715, +0.964337, +1.049758, +0.296001, +0.655289, +0.399505, +0.405348, +0.354094, +0.102414, +0.004703, +0.149864, +0.198480, +0.366675, +0.168110]
frame=049 t= 2.450s reward=+1.083480 done=0 target=[+0.180047, -0.097042, +0.062331, -0.235620, +1.727910, +1.313235, +1.289730, +1.162195, +0.962498, +1.008091, +0.327258, +0.641451, +0.380436, +0.415549, +0.387201, +0.116024, +0.000000, +0.140928, +0.203755, +0.360494, +0.180607]
frame=050 t= 2.500s reward=+1.041798 done=0 target=[+0.191147, -0.072233, +0.047641, -0.235620, +1.727910, +1.290692, +1.291591, +1.186902, +0.946162, +0.966425, +0.368925, +0.634363, +0.360860, +0.393736, +0.426641, +0.122943, +0.000000, +0.132098, +0.196552, +0.364820, +0.191409]
frame=051 t= 2.550s reward=+0.229624 done=0 target=[+0.194260, -0.044305, +0.063249, -0.235620, +1.727910, +1.274949, +1.286458, +1.198567, +0.953428, +0.924758, +0.410592, +0.607960, +0.358916, +0.375505, +0.449109, +0.119400, +0.000000, +0.124588, +0.189676, +0.344098, +0.199686]
frame=052 t= 2.600s reward=+1.037821 done=0 target=[+0.215951, -0.025348, +0.103944, -0.235620, +1.727910, +1.239635, +1.299494, +1.193640, +0.945516, +0.883091, +0.452258, +0.594681, +0.365429, +0.333839, +0.471460, +0.103762, +0.001303, +0.125843, +0.180713, +0.352411, +0.195763]
frame=053 t= 2.650s reward=+0.997894 done=0 target=[+0.235620, -0.042246, +0.145610, -0.212426, +1.727910, +1.248332, +1.309649, +1.190157, +0.973473, +0.841425, +0.484362, +0.566910, +0.383427, +0.323017, +0.465322, +0.102678, +0.000000, +0.134163, +0.192470, +0.353902, +0.192829]
frame=054 t= 2.700s reward=+1.037760 done=0 target=[+0.235620, -0.083913, +0.187277, -0.176257, +1.727910, +1.269473, +1.301408, +1.206215, +0.995698, +0.815874, +0.463346, +0.572643, +0.416327, +0.305716, +0.462615, +0.102258, +0.000000, +0.129744, +0.179394, +0.354847, +0.201741]
frame=055 t= 2.750s reward=+0.570749 done=0 target=[+0.235620, -0.125579, +0.228944, -0.150394, +1.727910, +1.305628, +1.259741, +1.240356, +1.028512, +0.798028, +0.425693, +0.610900, +0.439919, +0.286049, +0.472669, +0.098593, +0.018830, +0.131711, +0.163950, +0.359761, +0.208604]
frame=056 t= 2.800s reward=+1.022945 done=0 target=[+0.231858, -0.167246, +0.235620, -0.137546, +1.727910, +1.314647, +1.218074, +1.280938, +1.060500, +0.782417, +0.384026, +0.644609, +0.450643, +0.279865, +0.483113, +0.104301, +0.050260, +0.122378, +0.160023, +0.361803, +0.203376]
frame=057 t= 2.850s reward=+0.541998 done=0 target=[+0.227695, -0.191534, +0.225073, -0.143386, +1.727910, +1.316889, +1.176408, +1.296502, +1.056923, +0.779240, +0.350381, +0.639585, +0.461990, +0.283423, +0.484750, +0.107102, +0.069731, +0.107512, +0.155176, +0.353139, +0.197075]
frame=058 t= 2.900s reward=+1.005612 done=0 target=[+0.227841, -0.212648, +0.190683, -0.149553, +1.727910, +1.327427, +1.134741, +1.306208, +1.036026, +0.797632, +0.334997, +0.608633, +0.486916, +0.288421, +0.466800, +0.113502, +0.049213, +0.080471, +0.129852, +0.335832, +0.201806]
frame=059 t= 2.950s reward=+1.004505 done=0 target=[+0.219936, -0.229869, +0.149016, -0.179237, +1.727910, +1.335150, +1.093075, +1.300458, +1.006675, +0.838662, +0.330184, +0.575417, +0.516114, +0.283940, +0.458260, +0.111826, +0.038305, +0.062203, +0.126732, +0.339476, +0.233034]
frame=060 t= 3.000s reward=+0.900624 done=0 target=[+0.220959, -0.220720, +0.107349, -0.220904, +1.727910, +1.335150, +1.051408, +1.264963, +0.965008, +0.880329, +0.330455, +0.569966, +0.550401, +0.263084, +0.446282, +0.078384, +0.031222, +0.062468, +0.105596, +0.354670, +0.261825]
frame=061 t= 3.050s reward=+0.993509 done=0 target=[+0.216597, -0.203929, +0.065683, -0.235620, +1.727910, +1.335150, +1.009741, +1.229803, +0.934606, +0.921995, +0.335665, +0.571268, +0.592068, +0.252914, +0.410355, +0.040731, +0.029722, +0.092341, +0.069542, +0.366908, +0.261046]
frame=062 t= 3.100s reward=+1.020580 done=0 target=[+0.216239, -0.187708, +0.024016, -0.235620, +1.727910, +1.335150, +0.983161, +1.188136, +0.919586, +0.963662, +0.316640, +0.585700, +0.595719, +0.246877, +0.368688, +0.000000, +0.065566, +0.107082, +0.063793, +0.408574, +0.255120]
frame=063 t= 3.150s reward=+1.015288 done=0 target=[+0.199886, -0.151107, +0.000695, -0.235620, +1.727910, +1.335150, +1.018659, +1.146470, +0.929103, +1.000792, +0.281742, +0.609492, +0.562391, +0.266836, +0.327021, +0.000000, +0.107232, +0.144516, +0.095478, +0.450241, +0.254349]
frame=064 t= 3.200s reward=-1.436380 done=0 target=[+0.208627, -0.133418, +0.030148, -0.212986, +1.727910, +1.329724, +1.060325, +1.111907, +0.893523, +1.029910, +0.257547, +0.645800, +0.526041, +0.286130, +0.289565, +0.000000, +0.092784, +0.144934, +0.136343, +0.426351, +0.247845]
frame=065 t= 3.250s reward=+0.983162 done=0 target=[+0.208007, -0.148350, +0.071815, -0.205811, +1.727910, +1.335150, +1.101992, +1.097579, +0.883891, +1.062126, +0.265531, +0.673901, +0.484375, +0.301675, +0.304371, +0.015000, +0.053739, +0.137032, +0.172677, +0.412870, +0.244779]
frame=066 t= 3.300s reward=+0.766780 done=0 target=[+0.188034, -0.154137, +0.113481, -0.215375, +1.727910, +1.335150, +1.143659, +1.088327, +0.916354, +1.091021, +0.281289, +0.683483, +0.450239, +0.334004, +0.316893, +0.043432, +0.020363, +0.146690, +0.199967, +0.392878, +0.215873]
frame=067 t= 3.350s reward=+0.987260 done=0 target=[+0.171800, -0.143840, +0.143626, -0.235620, +1.727910, +1.335150, +1.185325, +1.090386, +0.956507, +1.091946, +0.290039, +0.692295, +0.413788, +0.367049, +0.321966, +0.057330, +0.029569, +0.155593, +0.212865, +0.386115, +0.183645]
frame=068 t= 3.400s reward=-0.211222 done=0 target=[+0.176375, -0.129382, +0.123270, -0.235620, +1.727910, +1.315975, +1.226992, +1.099982, +0.948525, +1.068406, +0.292477, +0.697967, +0.381823, +0.369907, +0.339052, +0.069313, +0.024616, +0.143832, +0.204348, +0.363567, +0.180004]
frame=069 t= 3.450s reward=+1.090125 done=0 target=[+0.164126, -0.104189, +0.081603, -0.235620, +1.727910, +1.303656, +1.268658, +1.126515, +0.942909, +1.036159, +0.305516, +0.696651, +0.367675, +0.379566, +0.354432, +0.084074, +0.021052, +0.143912, +0.213164, +0.356271, +0.196910]
frame=070 t= 3.500s reward=+1.072873 done=0 target=[+0.170617, -0.078473, +0.044687, -0.235620, +1.727910, +1.294208, +1.288626, +1.145494, +0.937875, +0.994492, +0.337582, +0.678999, +0.351629, +0.383559, +0.382909, +0.093177, +0.014454, +0.145820, +0.207395, +0.353918, +0.196761]
frame=071 t= 3.550s reward=+1.080365 done=0 target=[+0.173835, -0.064679, +0.047222, -0.235620, +1.727910, +1.280661, +1.286564, +1.176991, +0.936269, +0.952825, +0.378316, +0.660816, +0.360536, +0.390885, +0.415576, +0.108706, +0.000000, +0.146452, +0.211673, +0.343014, +0.201446]
frame=072 t= 3.600s reward=-1.074820 done=0 target=[+0.199428, -0.053708, +0.080266, -0.235620, +1.727910, +1.261938, +1.292044, +1.161005, +0.938032, +0.911159, +0.419982, +0.632121, +0.356900, +0.371987, +0.448103, +0.119070, +0.000000, +0.124692, +0.206115, +0.341397, +0.190505]
frame=073 t= 3.650s reward=+1.064674 done=0 target=[+0.203428, -0.037041, +0.121933, -0.230575, +1.727910, +1.240995, +1.296309, +1.193004, +0.959318, +0.869492, +0.461649, +0.604797, +0.368684, +0.361759, +0.469695, +0.130228, +0.000000, +0.133950, +0.213621, +0.341923, +0.189716]
frame=074 t= 3.700s reward=+0.689187 done=0 target=[+0.235620, -0.042556, +0.163600, -0.188908, +1.727910, +1.231109, +1.316964, +1.208116, +0.961988, +0.829252, +0.492243, +0.583244, +0.377257, +0.327391, +0.468996, +0.130490, +0.000000, +0.120959, +0.207218, +0.347583, +0.194363]
frame=075 t= 3.750s reward=+0.811316 done=0 target=[+0.235620, -0.084223, +0.205266, -0.147242, +1.727910, +1.260259, +1.293277, +1.243249, +0.998510, +0.799474, +0.464844, +0.585389, +0.392221, +0.301340, +0.476009, +0.108051, +0.000000, +0.126218, +0.189938, +0.359936, +0.199492]
frame=076 t= 3.800s reward=+1.000934 done=0 target=[+0.235620, -0.125890, +0.235620, -0.116627, +1.727910, +1.301926, +1.251610, +1.279064, +1.040177, +0.787329, +0.429420, +0.614689, +0.422633, +0.265168, +0.480178, +0.102577, +0.012873, +0.138418, +0.185878, +0.365887, +0.194318]
frame=077 t= 3.850s reward=+1.022490 done=0 target=[+0.227253, -0.167556, +0.235620, -0.115974, +1.727910, +1.327991, +1.209944, +1.293651, +1.055101, +0.777587, +0.404763, +0.631780, +0.428271, +0.257945, +0.478180, +0.109745, +0.049501, +0.134689, +0.183361, +0.373790, +0.191647]
frame=078 t= 3.900s reward=+0.661584 done=0 target=[+0.204937, -0.200448, +0.217976, -0.128430, +1.727910, +1.335150, +1.168277, +1.308364, +1.046759, +0.777560, +0.369208, +0.611680, +0.440425, +0.266343, +0.474631, +0.108469, +0.074075, +0.122327, +0.166101, +0.368982, +0.188433]
frame=079 t= 3.950s reward=+0.173682 done=0 target=[+0.205602, -0.220529, +0.176309, -0.167601, +1.727910, +1.335150, +1.126610, +1.308232, +1.021785, +0.800774, +0.343376, +0.581199, +0.475928, +0.268675, +0.467669, +0.099652, +0.069536, +0.091086, +0.149876, +0.354751, +0.206262]
frame=080 t= 4.000s reward=+0.790096 done=0 target=[+0.208597, -0.233994, +0.134642, -0.195510, +1.727910, +1.335150, +1.084944, +1.297935, +0.981202, +0.842441, +0.341781, +0.556107, +0.512696, +0.262329, +0.446691, +0.090419, +0.041854, +0.078413, +0.111951, +0.345407, +0.237106]
frame=081 t= 4.050s reward=+0.953649 done=0 target=[+0.200501, -0.223939, +0.092976, -0.219708, +1.727910, +1.334662, +1.043277, +1.268982, +0.967506, +0.884108, +0.325825, +0.551989, +0.554362, +0.259026, +0.418589, +0.056941, +0.029195, +0.083890, +0.085945, +0.350168, +0.254394]
frame=082 t= 4.100s reward=+0.954354 done=0 target=[+0.196540, -0.201940, +0.051309, -0.235620, +1.727910, +1.333602, +1.001611, +1.227316, +0.950120, +0.925774, +0.303883, +0.569164, +0.578393, +0.250494, +0.376922, +0.015275, +0.054008, +0.093795, +0.063911, +0.387832, +0.256652]
frame=083 t= 4.150s reward=+0.965227 done=0 target=[+0.210198, -0.167795, +0.014379, -0.235620, +1.727910, +1.335150, +1.001294, +1.185649, +0.922200, +0.967441, +0.291794, +0.593653, +0.575569, +0.251996, +0.335255, +0.000000, +0.071987, +0.118422, +0.068316, +0.429499, +0.267578]
frame=084 t= 4.200s reward=+0.985478 done=0 target=[+0.209041, -0.139117, +0.012576, -0.230082, +1.727910, +1.335150, +1.042961, +1.143982, +0.893597, +1.008528, +0.284250, +0.619545, +0.533902, +0.285200, +0.296793, +0.000000, +0.089488, +0.143690, +0.109983, +0.464642, +0.277144]
frame=085 t= 4.250s reward=+0.631286 done=0 target=[+0.210017, -0.142298, +0.054242, -0.225826, +1.727910, +1.335150, +1.084628, +1.102316, +0.871031, +1.043017, +0.286083, +0.645662, +0.492236, +0.312626, +0.294376, +0.000000, +0.082448, +0.156146, +0.151650, +0.457291, +0.269835]
frame=086 t= 4.300s reward=+0.655591 done=0 target=[+0.199259, -0.172061, +0.095909, -0.230382, +1.727910, +1.324089, +1.126294, +1.113603, +0.896585, +1.079704, +0.293199, +0.678800, +0.460845, +0.321942, +0.306096, +0.041667, +0.057729, +0.158891, +0.192385, +0.415624, +0.233613]
frame=087 t= 4.350s reward=+0.925615 done=0 target=[+0.198472, -0.163876, +0.137576, -0.235620, +1.727910, +1.335150, +1.167961, +1.103346, +0.938252, +1.094416, +0.318734, +0.685583, +0.419846, +0.339569, +0.327241, +0.073880, +0.033465, +0.151485, +0.216432, +0.400513, +0.198424]
frame=088 t= 4.400s reward=-0.640416 done=0 target=[+0.198129, -0.147220, +0.154922, -0.235620, +1.727910, +1.327129, +1.209628, +1.107290, +0.964089, +1.081220, +0.324770, +0.684507, +0.389780, +0.380170, +0.338071, +0.085992, +0.016001, +0.148663, +0.216245, +0.386843, +0.186937]
frame=089 t= 4.450s reward=+0.926479 done=0 target=[+0.176563, -0.110175, +0.117602, -0.235620, +1.727910, +1.303973, +1.251294, +1.130863, +0.967972, +1.043421, +0.324226, +0.681144, +0.382786, +0.401023, +0.348542, +0.087523, +0.024054, +0.148726, +0.221396, +0.372906, +0.197722]
frame=090 t= 4.500s reward=+1.120811 done=0 target=[+0.187121, -0.084388, +0.076462, -0.235620, +1.727910, +1.293798, +1.283413, +1.144813, +0.949007, +1.002678, +0.355286, +0.666874, +0.364261, +0.385407, +0.373852, +0.111642, +0.001553, +0.136975, +0.215085, +0.353974, +0.213107]
frame=091 t= 4.550s reward=+1.110870 done=0 target=[+0.184931, -0.062364, +0.070584, -0.235620, +1.727910, +1.284050, +1.282641, +1.185266, +0.945121, +0.961011, +0.391981, +0.648433, +0.361058, +0.380050, +0.397911, +0.119628, +0.000000, +0.134075, +0.218111, +0.340849, +0.219741]
frame=092 t= 4.600s reward=+1.118420 done=0 target=[+0.221355, -0.049006, +0.112251, -0.235620, +1.727910, +1.275885, +1.274985, +1.191089, +0.958373, +0.919344, +0.433647, +0.625861, +0.350507, +0.383171, +0.423505, +0.124125, +0.000000, +0.125414, +0.220459, +0.348235, +0.221020]
frame=093 t= 4.650s reward=+1.109912 done=0 target=[+0.233467, -0.024376, +0.153918, -0.215872, +1.727910, +1.254456, +1.287155, +1.178155, +0.968309, +0.877678, +0.475314, +0.598058, +0.349469, +0.360183, +0.442602, +0.124138, +0.000000, +0.122803, +0.209550, +0.329649, +0.219603]
frame=094 t= 4.700s reward=+1.101955 done=0 target=[+0.235620, -0.036677, +0.195584, -0.174206, +1.727910, +1.250711, +1.295316, +1.186517, +0.973061, +0.836011, +0.513093, +0.582232, +0.363106, +0.318517, +0.445856, +0.130255, +0.000000, +0.122789, +0.217748, +0.349634, +0.221605]
frame=095 t= 4.750s reward=-0.047520 done=0 target=[+0.235620, -0.078344, +0.235620, -0.132539, +1.727910, +1.282361, +1.281496, +1.215844, +1.013325, +0.802668, +0.510769, +0.576873, +0.373739, +0.293517, +0.452621, +0.121324, +0.000000, +0.132242, +0.227032, +0.382213, +0.216528]
frame=096 t= 4.800s reward=+1.063451 done=0 target=[+0.235620, -0.120011, +0.235620, -0.090872, +1.727910, +1.324028, +1.239830, +1.257510, +1.054992, +0.781536, +0.488584, +0.608518, +0.396057, +0.251851, +0.454026, +0.121469, +0.012377, +0.167077, +0.225704, +0.386655, +0.183173]
frame=097 t= 4.850s reward=+1.043028 done=0 target=[+0.231981, -0.161677, +0.235620, -0.083441, +1.727910, +1.327210, +1.198163, +1.293753, +1.094540, +0.769497, +0.446917, +0.613144, +0.392591, +0.250125, +0.469980, +0.127040, +0.054043, +0.164197, +0.223458, +0.395950, +0.156370]
frame=098 t= 4.900s reward=+0.771145 done=0 target=[+0.220950, -0.182592, +0.199698, -0.103682, +1.727910, +1.335150, +1.156496, +1.312024, +1.061075, +0.771828, +0.410917, +0.585905, +0.396497, +0.254650, +0.467414, +0.120451, +0.095710, +0.132989, +0.199819, +0.388076, +0.163500]
frame=099 t= 4.950s reward=+0.769231 done=0 target=[+0.220699, -0.203117, +0.158032, -0.140577, +1.727910, +1.335150, +1.114830, +1.314457, +1.019408, +0.791616, +0.393198, +0.552272, +0.423151, +0.259763, +0.459241, +0.109144, +0.096598, +0.110096, +0.163377, +0.362440, +0.179451]
frame=100 t= 5.000s reward=+1.084189 done=0 target=[+0.214892, -0.202432, +0.116365, -0.182244, +1.727910, +1.335150, +1.073163, +1.298192, +0.977741, +0.830787, +0.388358, +0.540718, +0.464817, +0.256552, +0.454448, +0.092223, +0.078894, +0.087966, +0.133558, +0.351002, +0.213735]
frame=101 t= 5.050s reward=+0.785104 done=0 target=[+0.233881, -0.182900, +0.074698, -0.223910, +1.727910, +1.335150, +1.033031, +1.256526, +0.936075, +0.872453, +0.399601, +0.548455, +0.506484, +0.248706, +0.445461, +0.051915, +0.042544, +0.081372, +0.091892, +0.354313, +0.241820]
frame=102 t= 5.100s reward=+0.660879 done=0 target=[+0.215301, -0.180942, +0.033032, -0.235620, +1.727910, +1.335150, +0.991365, +1.218065, +0.910933, +0.914120, +0.388075, +0.561437, +0.540691, +0.241001, +0.403795, +0.016598, +0.043217, +0.095490, +0.050225, +0.374200, +0.245205]
frame=103 t= 5.150s reward=+1.014995 done=0 target=[+0.190076, -0.171789, -0.008635, -0.235620, +1.727910, +1.325310, +0.979692, +1.176398, +0.931863, +0.955787, +0.346408, +0.579541, +0.526094, +0.246134, +0.362128, +0.000000, +0.084883, +0.121872, +0.061921, +0.415867, +0.233725]
frame=104 t= 5.200s reward=+1.007205 done=0 target=[+0.192688, -0.138874, -0.009694, -0.215343, +1.727910, +1.309430, +1.021359, +1.134732, +0.897001, +0.978258, +0.304742, +0.618945, +0.490086, +0.268467, +0.324091, +0.000000, +0.123165, +0.122605, +0.103587, +0.438884, +0.227997]
frame=105 t= 5.250s reward=+1.053500 done=0 target=[+0.186933, -0.156786, +0.031972, -0.180631, +1.727910, +1.307013, +1.063025, +1.121008, +0.861597, +1.018063, +0.278031, +0.656015, +0.456246, +0.308487, +0.318176, +0.000000, +0.096952, +0.123003, +0.145254, +0.407181, +0.217799]
frame=106 t= 5.300s reward=+0.885730 done=0 target=[+0.177740, -0.187060, +0.073639, -0.193385, +1.727910, +1.317115, +1.104692, +1.122695, +0.892945, +1.059730, +0.291795, +0.688661, +0.434663, +0.329239, +0.340818, +0.031555, +0.061894, +0.143017, +0.186921, +0.391833, +0.199367]
frame=107 t= 5.350s reward=+0.660595 done=0 target=[+0.185338, -0.187082, +0.115306, -0.216646, +1.727910, +1.322278, +1.146359, +1.132959, +0.934612, +1.081558, +0.283712, +0.714020, +0.414230, +0.352330, +0.347829, +0.033314, +0.041129, +0.154228, +0.196609, +0.385615, +0.177434]
frame=108 t= 5.400s reward=+0.404204 done=0 target=[+0.174317, -0.164986, +0.140229, -0.233996, +1.727910, +1.315679, +1.188025, +1.144181, +0.951479, +1.080410, +0.277767, +0.714360, +0.416407, +0.365930, +0.343459, +0.056093, +0.040273, +0.151301, +0.199589, +0.367455, +0.158115]
frame=109 t= 5.450s reward=+0.923882 done=0 target=[+0.173874, -0.142673, +0.123163, -0.235620, +1.727910, +1.315553, +1.229692, +1.152597, +0.946259, +1.061254, +0.309471, +0.697078, +0.408536, +0.378212, +0.351498, +0.094225, +0.023916, +0.136515, +0.203277, +0.359237, +0.166807]
frame=110 t= 5.500s reward=+1.137417 done=0 target=[+0.177088, -0.114799, +0.081497, -0.235620, +1.727910, +1.305629, +1.266447, +1.171578, +0.952331, +1.019587, +0.334099, +0.671242, +0.393964, +0.391162, +0.379545, +0.097366, +0.011919, +0.117736, +0.196550, +0.356183, +0.162580]
frame=111 t= 5.550s reward=+1.102064 done=0 target=[+0.183442, -0.095864, +0.053742, -0.235620, +1.727910, +1.293163, +1.283916, +1.193191, +0.941471, +0.977920, +0.373218, +0.650816, +0.379958, +0.378576, +0.414149, +0.103659, +0.000000, +0.103047, +0.182082, +0.348240, +0.161994]
frame=112 t= 5.600s reward=+1.094972 done=0 target=[+0.194446, -0.065118, +0.061738, -0.235620, +1.727910, +1.289862, +1.286379, +1.193901, +0.944980, +0.936254, +0.414884, +0.632327, +0.369905, +0.382129, +0.437200, +0.108744, +0.000000, +0.115170, +0.183426, +0.350412, +0.176324]
frame=113 t= 5.650s reward=+0.980136 done=0 target=[+0.215740, -0.043421, +0.103404, -0.235620, +1.727910, +1.262546, +1.284697, +1.201315, +0.951756, +0.894587, +0.456551, +0.618358, +0.370994, +0.344308, +0.464577, +0.112440, +0.000000, +0.112502, +0.184797, +0.350993, +0.188138]
frame=114 t= 5.700s reward=-0.095895 done=0 target=[+0.235620, -0.050230, +0.145071, -0.209448, +1.727910, +1.256787, +1.296634, +1.190723, +0.955964, +0.852920, +0.498218, +0.595877, +0.375535, +0.317326, +0.468505, +0.114780, +0.000000, +0.117598, +0.178508, +0.360145, +0.193256]
frame=115 t= 5.750s reward=-0.244370 done=0 target=[+0.235620, -0.091896, +0.186738, -0.167781, +1.727910, +1.262711, +1.296124, +1.215756, +0.997631, +0.816221, +0.496930, +0.591040, +0.404426, +0.304569, +0.467526, +0.104987, +0.000000, +0.116645, +0.193446, +0.370396, +0.178740]
frame=116 t= 5.800s reward=+0.923103 done=0 target=[+0.235620, -0.133563, +0.228404, -0.139490, +1.727910, +1.299938, +1.254458, +1.243112, +1.039297, +0.793336, +0.461687, +0.615299, +0.416403, +0.283389, +0.479716, +0.097534, +0.005727, +0.122005, +0.189107, +0.380443, +0.178355]
frame=117 t= 5.850s reward=+1.095773 done=0 target=[+0.235620, -0.175230, +0.235620, -0.102987, +1.727910, +1.318665, +1.212791, +1.269267, +1.055054, +0.769747, +0.424638, +0.654495, +0.437510, +0.259299, +0.478565, +0.103118, +0.027807, +0.127364, +0.168496, +0.362918, +0.169308]
frame=118 t= 5.900s reward=+1.081021 done=0 target=[+0.234167, -0.199101, +0.235620, -0.107889, +1.727910, +1.325385, +1.171124, +1.286119, +1.053207, +0.770435, +0.390224, +0.651835, +0.438864, +0.267678, +0.475817, +0.109424, +0.063534, +0.106577, +0.165526, +0.356414, +0.173887]
frame=119 t= 5.950s reward=+0.514156 done=0 target=[+0.212222, -0.221776, +0.193953, -0.130325, +1.727910, +1.330023, +1.129458, +1.298318, +1.031378, +0.788368, +0.348647, +0.621146, +0.450345, +0.266525, +0.462875, +0.103081, +0.078619, +0.084636, +0.148327, +0.360965, +0.199410]
frame=120 t= 6.000s reward=+0.527403 done=0 target=[+0.202736, -0.231170, +0.152287, -0.170752, +1.727910, +1.335150, +1.087791, +1.293765, +0.991226, +0.830035, +0.330716, +0.588175, +0.492012, +0.259387, +0.451063, +0.092650, +0.062349, +0.075240, +0.120802, +0.354145, +0.230380]
frame=121 t= 6.050s reward=+1.009963 done=0 target=[+0.209072, -0.226130, +0.110620, -0.209526, +1.727910, +1.335150, +1.046125, +1.264729, +0.951211, +0.871701, +0.336619, +0.572937, +0.533678, +0.242969, +0.429138, +0.068522, +0.026607, +0.075488, +0.088582, +0.344167, +0.243002]
frame=122 t= 6.100s reward=+0.928378 done=0 target=[+0.203426, -0.213321, +0.068953, -0.235620, +1.727910, +1.335150, +1.004458, +1.223062, +0.925455, +0.913368, +0.342737, +0.574153, +0.572348, +0.245717, +0.395882, +0.037601, +0.029880, +0.081816, +0.075326, +0.373678, +0.255496]
frame=123 t= 6.150s reward=+0.913184 done=0 target=[+0.187681, -0.181516, +0.027287, -0.235620, +1.727910, +1.329222, +0.998508, +1.181396, +0.938567, +0.955035, +0.301071, +0.593955, +0.571062, +0.259287, +0.354216, +0.000000, +0.071546, +0.112275, +0.074689, +0.415344, +0.242877]
frame=124 t= 6.200s reward=+0.989790 done=0 target=[+0.186101, -0.139849, +0.014853, -0.229391, +1.727910, +1.335150, +1.040174, +1.139729, +0.916483, +0.992510, +0.265963, +0.628073, +0.538621, +0.287470, +0.312549, +0.000000, +0.113213, +0.146327, +0.110153, +0.457011, +0.270237]
frame=125 t= 6.250s reward=+1.077595 done=0 target=[+0.191034, -0.130713, +0.056520, -0.208695, +1.727910, +1.335150, +1.081841, +1.106043, +0.874816, +1.025576, +0.258655, +0.660565, +0.496954, +0.303666, +0.289608, +0.000000, +0.095711, +0.154846, +0.151820, +0.435365, +0.266368]
frame=126 t= 6.300s reward=+0.860271 done=0 target=[+0.181844, -0.148205, +0.098186, -0.217598, +1.727910, +1.335150, +1.123508, +1.105588, +0.880216, +1.063795, +0.281653, +0.691333, +0.461395, +0.326735, +0.293553, +0.021460, +0.067927, +0.150523, +0.193487, +0.410505, +0.248521]
frame=127 t= 6.350s reward=+1.041081 done=0 target=[+0.176264, -0.161027, +0.139853, -0.235620, +1.727910, +1.326985, +1.165174, +1.114337, +0.908817, +1.075750, +0.307623, +0.714302, +0.419729, +0.334218, +0.311946, +0.041007, +0.045015, +0.131927, +0.205720, +0.386358, +0.207317]
frame=128 t= 6.400s reward=-0.258807 done=0 target=[+0.164188, -0.145427, +0.159415, -0.235620, +1.727910, +1.335150, +1.206841, +1.104720, +0.941458, +1.068872, +0.321109, +0.708032, +0.378062, +0.348830, +0.321496, +0.053228, +0.029212, +0.143148, +0.211645, +0.382330, +0.192784]
frame=129 t= 6.450s reward=-0.075163 done=0 target=[+0.168860, -0.126583, +0.132509, -0.235620, +1.727910, +1.318297, +1.248507, +1.119772, +0.933109, +1.032881, +0.331422, +0.703202, +0.362403, +0.360768, +0.346940, +0.063627, +0.016526, +0.136575, +0.219681, +0.365899, +0.192105]
frame=130 t= 6.500s reward=+1.129034 done=0 target=[+0.157788, -0.111259, +0.100977, -0.235620, +1.727910, +1.302129, +1.272819, +1.151264, +0.926947, +0.991215, +0.364749, +0.701350, +0.354127, +0.371925, +0.385957, +0.078497, +0.008253, +0.138645, +0.218755, +0.365010, +0.202494]
frame=131 t= 6.550s reward=+1.127598 done=0 target=[+0.163843, -0.094782, +0.086422, -0.235620, +1.727910, +1.280078, +1.277274, +1.188149, +0.924350, +0.949548, +0.397920, +0.693990, +0.346853, +0.347663, +0.413482, +0.087218, +0.000000, +0.116104, +0.202609, +0.351514, +0.202892]
frame=132 t= 6.600s reward=-0.669131 done=0 target=[+0.196862, -0.075404, +0.110524, -0.235620, +1.727910, +1.277785, +1.260159, +1.198908, +0.932324, +0.907881, +0.439587, +0.672978, +0.352665, +0.340511, +0.438207, +0.087884, +0.000000, +0.121533, +0.186625, +0.342361, +0.208179]
frame=133 t= 6.650s reward=+1.081164 done=0 target=[+0.199172, -0.073513, +0.151786, -0.227671, +1.727910, +1.243580, +1.263736, +1.227532, +0.952761, +0.870037, +0.458842, +0.648304, +0.377701, +0.329105, +0.458608, +0.084366, +0.000000, +0.112434, +0.192476, +0.340772, +0.196442]
frame=134 t= 6.700s reward=+0.757098 done=0 target=[+0.217723, -0.084403, +0.193453, -0.206114, +1.727910, +1.254709, +1.276205, +1.209942, +0.959695, +0.836499, +0.472621, +0.631740, +0.398350, +0.303559, +0.459467, +0.083171, +0.000000, +0.098414, +0.175361, +0.341401, +0.196900]
frame=135 t= 6.750s reward=+0.783611 done=0 target=[+0.217098, -0.126069, +0.235119, -0.165502, +1.727910, +1.265284, +1.266443, +1.251609, +0.993894, +0.810491, +0.458179, +0.646423, +0.437541, +0.298986, +0.474912, +0.095535, +0.000498, +0.100342, +0.185706, +0.356817, +0.198596]
frame=136 t= 6.800s reward=+0.996447 done=0 target=[+0.223061, -0.167736, +0.235620, -0.134921, +1.727910, +1.304370, +1.224776, +1.293276, +1.025815, +0.795055, +0.421356, +0.670168, +0.454844, +0.273104, +0.468601, +0.091286, +0.005289, +0.103864, +0.167538, +0.365607, +0.203913]
frame=137 t= 6.850s reward=+1.063434 done=0 target=[+0.215847, -0.209403, +0.235620, -0.128211, +1.727910, +1.321091, +1.183109, +1.334942, +1.045913, +0.785319, +0.383184, +0.687524, +0.460016, +0.272644, +0.468892, +0.099511, +0.046367, +0.097027, +0.156636, +0.376415, +0.194062]
frame=138 t= 6.900s reward=-0.083990 done=0 target=[+0.212807, -0.228492, +0.209973, -0.138277, +1.727910, +1.315022, +1.141443, +1.335150, +1.026900, +0.792251, +0.341518, +0.665153, +0.470415, +0.260419, +0.461593, +0.090646, +0.066050, +0.073471, +0.143010, +0.365588, +0.190557]
frame=139 t= 6.950s reward=+0.180954 done=0 target=[+0.217247, -0.235620, +0.168306, -0.166485, +1.727910, +1.328896, +1.099776, +1.321671, +1.005134, +0.822710, +0.321013, +0.623486, +0.505393, +0.262393, +0.441659, +0.080961, +0.049613, +0.065084, +0.112243, +0.348738, +0.205060]
frame=140 t= 7.000s reward=+0.955405 done=0 target=[+0.218447, -0.232042, +0.126640, -0.208151, +1.727910, +1.335150, +1.058109, +1.299414, +0.966892, +0.864376, +0.329131, +0.598152, +0.547059, +0.264397, +0.429129, +0.068819, +0.025122, +0.058752, +0.093341, +0.350520, +0.239178]
frame=141 t= 7.050s reward=+0.971714 done=0 target=[+0.212700, -0.220209, +0.084973, -0.235620, +1.727910, +1.335150, +1.016443, +1.258592, +0.956551, +0.906043, +0.326199, +0.586506, +0.579063, +0.260099, +0.398480, +0.035530, +0.018667, +0.069007, +0.072989, +0.366353, +0.254345]
frame=142 t= 7.100s reward=+0.744278 done=0 target=[+0.207481, -0.199803, +0.043306, -0.235620, +1.727910, +1.335150, +0.996654, +1.216926, +0.925222, +0.947710, +0.310982, +0.602366, +0.580275, +0.245657, +0.356813, +0.000000, +0.047803, +0.092940, +0.058648, +0.408020, +0.270029]
frame=143 t= 7.150s reward=+1.018948 done=0 target=[+0.191026, -0.158136, +0.022287, -0.235620, +1.727910, +1.335150, +1.033519, +1.175259, +0.911249, +0.986762, +0.292881, +0.623150, +0.550705, +0.258754, +0.315147, +0.000000, +0.089469, +0.132319, +0.100315, +0.449687, +0.274189]
frame=144 t= 7.200s reward=+1.071973 done=0 target=[+0.202927, -0.127600, +0.039851, -0.216153, +1.727910, +1.335150, +1.073998, +1.133592, +0.884874, +1.009906, +0.278065, +0.637584, +0.512890, +0.297357, +0.274578, +0.000000, +0.084896, +0.141838, +0.141982, +0.445615, +0.265015]
frame=145 t= 7.250s reward=+0.804588 done=0 target=[+0.192715, -0.151995, +0.081517, -0.225696, +1.727910, +1.335150, +1.115664, +1.101543, +0.859169, +1.051573, +0.275414, +0.668193, +0.485753, +0.300736, +0.294476, +0.010765, +0.067320, +0.147404, +0.178023, +0.418528, +0.257795]
frame=146 t= 7.300s reward=+0.825013 done=0 target=[+0.183206, -0.173554, +0.123184, -0.235620, +1.727910, +1.335150, +1.157331, +1.104927, +0.900836, +1.079088, +0.303353, +0.683190, +0.458104, +0.339708, +0.308067, +0.046664, +0.039010, +0.138933, +0.200475, +0.395254, +0.220793]
frame=147 t= 7.350s reward=+0.696398 done=0 target=[+0.166275, -0.170286, +0.147810, -0.235620, +1.727910, +1.320652, +1.198998, +1.117188, +0.935458, +1.074453, +0.300786, +0.699136, +0.424863, +0.346730, +0.328247, +0.062732, +0.037691, +0.130000, +0.198376, +0.381211, +0.180467]
frame=148 t= 7.400s reward=-1.040516 done=0 target=[+0.177984, -0.152497, +0.136790, -0.235620, +1.727910, +1.326747, +1.240664, +1.131989, +0.937010, +1.046030, +0.337882, +0.697399, +0.394832, +0.359283, +0.353906, +0.084853, +0.019976, +0.129987, +0.196739, +0.378594, +0.179578]
frame=149 t= 7.450s reward=+1.085796 done=0 target=[+0.164506, -0.126203, +0.095123, -0.235620, +1.727910, +1.303172, +1.273043, +1.168495, +0.945861, +1.004363, +0.344307, +0.684534, +0.385918, +0.374083, +0.377955, +0.084841, +0.019079, +0.134016, +0.203969, +0.361456, +0.187327]
frame=150 t= 7.500s reward=+1.061703 done=0 target=[+0.167484, -0.104609, +0.060839, -0.235620, +1.727910, +1.276059, +1.289170, +1.189182, +0.935680, +0.962697, +0.360008, +0.668318, +0.381981, +0.358617, +0.405684, +0.087954, +0.003911, +0.124936, +0.195523, +0.346935, +0.193330]
frame=151 t= 7.550s reward=+0.746987 done=0 target=[+0.189992, -0.084722, +0.078398, -0.235620, +1.727910, +1.290110, +1.278358, +1.195301, +0.945595, +0.926517, +0.401675, +0.638539, +0.383917, +0.365876, +0.428943, +0.109549, +0.000000, +0.132240, +0.194737, +0.342908, +0.208069]
frame=152 t= 7.600s reward=+1.022543 done=0 target=[+0.197638, -0.065230, +0.111318, -0.235620, +1.727910, +1.250417, +1.285602, +1.211402, +0.951645, +0.887494, +0.430551, +0.619609, +0.398077, +0.343469, +0.453481, +0.105356, +0.000000, +0.118753, +0.186790, +0.345505, +0.191794]
frame=153 t= 7.650s reward=-0.283960 done=0 target=[+0.235620, -0.053819, +0.152984, -0.217505, +1.727910, +1.250906, +1.295075, +1.203232, +0.948667, +0.852031, +0.472217, +0.599686, +0.410913, +0.328313, +0.467978, +0.111478, +0.000000, +0.110656, +0.170508, +0.335059, +0.193438]
frame=154 t= 7.700s reward=-0.334552 done=0 target=[+0.235620, -0.075473, +0.194651, -0.184123, +1.727910, +1.246885, +1.294529, +1.224991, +0.975658, +0.821287, +0.460092, +0.583267, +0.434518, +0.317020, +0.485281, +0.105396, +0.000000, +0.094508, +0.162223, +0.345779, +0.197099]
frame=155 t= 7.750s reward=+0.697909 done=0 target=[+0.235620, -0.117140, +0.235620, -0.142456, +1.727910, +1.282525, +1.271757, +1.266657, +1.001128, +0.798956, +0.439630, +0.590623, +0.459150, +0.298226, +0.483235, +0.109578, +0.000000, +0.106199, +0.159863, +0.367224, +0.194698]
frame=156 t= 7.800s reward=+0.942569 done=0 target=[+0.235620, -0.158807, +0.235620, -0.107052, +1.727910, +1.319212, +1.230090, +1.304189, +1.042795, +0.774223, +0.404028, +0.626942, +0.480778, +0.282828, +0.483046, +0.118079, +0.010942, +0.102929, +0.157581, +0.366236, +0.195623]
frame=157 t= 7.850s reward=+1.070613 done=0 target=[+0.229537, -0.196822, +0.235620, -0.102308, +1.727910, +1.318826, +1.188424, +1.321533, +1.054855, +0.759431, +0.362361, +0.652294, +0.477221, +0.271884, +0.485917, +0.111224, +0.052135, +0.098313, +0.150048, +0.364702, +0.185609]
frame=158 t= 7.900s reward=+1.062672 done=0 target=[+0.218953, -0.212821, +0.198017, -0.122221, +1.727910, +1.320936, +1.146757, +1.330192, +1.047613, +0.771689, +0.320695, +0.622692, +0.484811, +0.271935, +0.463773, +0.098365, +0.065257, +0.078153, +0.121438, +0.334634, +0.186397]
frame=159 t= 7.950s reward=+0.800793 done=0 target=[+0.216822, -0.234703, +0.156351, -0.153689, +1.727910, +1.335150, +1.105091, +1.335150, +1.007874, +0.813356, +0.304670, +0.586558, +0.514642, +0.262869, +0.451588, +0.097532, +0.047188, +0.050575, +0.108237, +0.333957, +0.220064]
frame=160 t= 8.000s reward=+0.948460 done=0 target=[+0.221186, -0.235044, +0.114684, -0.195356, +1.727910, +1.335150, +1.063424, +1.308987, +0.969397, +0.855022, +0.314070, +0.573613, +0.546798, +0.250326, +0.446785, +0.077426, +0.018893, +0.046466, +0.084267, +0.332319, +0.251260]
frame=161 t= 8.050s reward=+0.885243 done=0 target=[+0.220793, -0.219281, +0.073017, -0.235620, +1.727910, +1.335150, +1.021757, +1.269628, +0.947825, +0.896689, +0.333619, +0.575350, +0.576269, +0.240597, +0.427418, +0.054160, +0.009569, +0.054413, +0.069867, +0.351824, +0.267631]
frame=162 t= 8.100s reward=+0.778382 done=0 target=[+0.213067, -0.201543, +0.031351, -0.235620, +1.727910, +1.335150, +0.989522, +1.227962, +0.934223, +0.938356, +0.322769, +0.585200, +0.585894, +0.240889, +0.385751, +0.012493, +0.034185, +0.096080, +0.062173, +0.393491, +0.260344]
frame=163 t= 8.150s reward=+0.967746 done=0 target=[+0.187317, -0.162281, -0.000816, -0.235620, +1.727910, +1.335150, +1.015281, +1.186295, +0.927659, +0.980022, +0.286730, +0.608284, +0.571300, +0.256266, +0.344085, +0.000000, +0.075852, +0.132792, +0.089073, +0.435158, +0.251922]
frame=164 t= 8.200s reward=+1.033386 done=0 target=[+0.189362, -0.120614, +0.018210, -0.209800, +1.727910, +1.335150, +1.056947, +1.144628, +0.907391, +1.007531, +0.250450, +0.632607, +0.537481, +0.297850, +0.302418, +0.000000, +0.094047, +0.152155, +0.130739, +0.430935, +0.241881]
frame=165 t= 8.250s reward=-1.842705 done=0 target=[+0.194085, -0.136868, +0.059876, -0.199675, +1.727910, +1.329686, +1.098614, +1.118499, +0.865724, +1.048646, +0.240858, +0.661785, +0.495814, +0.313613, +0.295742, +0.000000, +0.064704, +0.138127, +0.166805, +0.404757, +0.240775]
frame=166 t= 8.300s reward=+1.016238 done=0 target=[+0.168445, -0.178535, +0.101543, -0.230932, +1.727910, +1.307761, +1.140281, +1.153787, +0.889987, +1.070305, +0.259640, +0.690075, +0.475906, +0.330429, +0.337409, +0.032765, +0.050644, +0.140119, +0.187719, +0.370202, +0.199108]
frame=167 t= 8.350s reward=+0.829798 done=0 target=[+0.195858, -0.187367, +0.133708, -0.235620, +1.727910, +1.331853, +1.181947, +1.124699, +0.926887, +1.083615, +0.283034, +0.693910, +0.434239, +0.358984, +0.363766, +0.047778, +0.020817, +0.139791, +0.192754, +0.370830, +0.174368]
frame=168 t= 8.400s reward=+0.047536 done=0 target=[+0.169703, -0.185616, +0.124196, -0.235620, +1.727910, +1.305665, +1.223614, +1.154835, +0.948262, +1.077867, +0.293842, +0.696979, +0.413758, +0.371184, +0.385042, +0.084509, +0.039834, +0.136156, +0.176819, +0.365642, +0.167263]
frame=169 t= 8.450s reward=+0.039685 done=0 target=[+0.195099, -0.143949, +0.097715, -0.235620, +1.727910, +1.324114, +1.265281, +1.156904, +0.969913, +1.053185, +0.325101, +0.665548, +0.411203, +0.412851, +0.370965, +0.099558, +0.006517, +0.148919, +0.202481, +0.360144, +0.177119]
frame=170 t= 8.500s reward=+1.102477 done=0 target=[+0.189263, -0.113710, +0.056049, -0.235620, +1.727910, +1.294501, +1.288117, +1.186058, +0.967546, +1.011518, +0.332063, +0.638805, +0.405963, +0.404818, +0.397667, +0.101626, +0.004000, +0.132903, +0.189963, +0.353051, +0.174451]
frame=171 t= 8.550s reward=+1.100832 done=0 target=[+0.192110, -0.079782, +0.038102, -0.235620, +1.727910, +1.293164, +1.299593, +1.200995, +0.959193, +0.970972, +0.373355, +0.611922, +0.411284, +0.404738, +0.427677, +0.114663, +0.000000, +0.138043, +0.195190, +0.353057, +0.189838]
frame=172 t= 8.600s reward=+1.108620 done=0 target=[+0.201972, -0.047867, +0.043725, -0.235620, +1.727910, +1.271864, +1.298888, +1.212034, +0.975594, +0.929305, +0.407135, +0.580849, +0.405864, +0.379646, +0.455683, +0.108456, +0.000000, +0.107025, +0.180402, +0.350716, +0.192095]
frame=173 t= 8.650s reward=+1.052935 done=0 target=[+0.233329, -0.016657, +0.085391, -0.235620, +1.727910, +1.262209, +1.295033, +1.199330, +0.984300, +0.887638, +0.448801, +0.545769, +0.417917, +0.357479, +0.482154, +0.113762, +0.000000, +0.123824, +0.177094, +0.352561, +0.189329]
frame=174 t= 8.700s reward=+1.061042 done=0 target=[+0.235620, -0.012407, +0.127058, -0.211099, +1.727910, +1.225004, +1.319562, +1.219687, +0.995213, +0.845972, +0.475817, +0.518943, +0.439725, +0.342061, +0.494572, +0.120780, +0.000000, +0.106116, +0.185383, +0.354766, +0.181922]
frame=175 t= 8.750s reward=+0.865929 done=0 target=[+0.235620, -0.040684, +0.168725, -0.169433, +1.727910, +1.231264, +1.332080, +1.235358, +0.999344, +0.804349, +0.470985, +0.512504, +0.469127, +0.318624, +0.495998, +0.111855, +0.000000, +0.100882, +0.155072, +0.354904, +0.178834]
frame=176 t= 8.800s reward=+0.713286 done=0 target=[+0.235620, -0.082351, +0.210391, -0.127766, +1.727910, +1.272931, +1.305498, +1.266964, +1.041011, +0.777951, +0.433602, +0.527279, +0.495695, +0.289729, +0.499183, +0.107464, +0.000000, +0.120267, +0.160032, +0.379187, +0.187311]
frame=177 t= 8.850s reward=+0.857222 done=0 target=[+0.235620, -0.124018, +0.235620, -0.086099, +1.727910, +1.314598, +1.263832, +1.290032, +1.082678, +0.756448, +0.408234, +0.565325, +0.522046, +0.252822, +0.492034, +0.127455, +0.000000, +0.143049, +0.152156, +0.374118, +0.177280]
frame=178 t= 8.900s reward=+1.024723 done=0 target=[+0.235620, -0.165684, +0.235620, -0.078245, +1.727910, +1.333823, +1.222165, +1.315171, +1.083404, +0.749140, +0.370183, +0.574392, +0.497380, +0.252599, +0.491033, +0.129511, +0.039314, +0.129659, +0.147124, +0.382416, +0.183655]
frame=179 t= 8.950s reward=-0.434072 done=0 target=[+0.235620, -0.171558, +0.195967, -0.099462, +1.727910, +1.335150, +1.180499, +1.315027, +1.060172, +0.743565, +0.337708, +0.549166, +0.473616, +0.265327, +0.487410, +0.121685, +0.070572, +0.096281, +0.135135, +0.353422, +0.180251]
frame=180 t= 9.000s reward=+0.174001 done=0 target=[+0.220803, -0.178346, +0.154301, -0.141128, +1.727910, +1.335150, +1.138832, +1.324393, +1.018506, +0.773011, +0.339526, +0.519532, +0.494310, +0.259595, +0.479505, +0.119217, +0.068122, +0.075992, +0.116492, +0.328365, +0.200710]
frame=181 t= 9.050s reward=+1.041239 done=0 target=[+0.219760, -0.188273, +0.112634, -0.182795, +1.727910, +1.335150, +1.097165, +1.314246, +0.987734, +0.814678, +0.342932, +0.504950, +0.528347, +0.262993, +0.466390, +0.103733, +0.043109, +0.053948, +0.095042, +0.317195, +0.234713]
frame=182 t= 9.100s reward=+0.929560 done=0 target=[+0.230939, -0.181048, +0.070967, -0.224462, +1.727910, +1.335150, +1.055499, +1.280738, +0.946243, +0.856344, +0.374413, +0.520619, +0.567751, +0.243029, +0.455404, +0.074781, +0.018191, +0.044978, +0.063163, +0.315404, +0.242631]
frame=183 t= 9.150s reward=+0.900274 done=0 target=[+0.228324, -0.177264, +0.029301, -0.235620, +1.727910, +1.335150, +1.013832, +1.240646, +0.927873, +0.898011, +0.383087, +0.532136, +0.573267, +0.223976, +0.433867, +0.034781, +0.026114, +0.057989, +0.042848, +0.352663, +0.251992]
frame=184 t= 9.200s reward=+1.020451 done=0 target=[+0.212464, -0.178932, -0.012366, -0.235620, +1.727910, +1.335150, +0.976918, +1.198979, +0.926985, +0.939678, +0.359910, +0.543587, +0.561406, +0.228941, +0.392200, +0.000000, +0.055781, +0.099656, +0.032150, +0.394330, +0.222389]
frame=185 t= 9.250s reward=+1.043732 done=0 target=[+0.187540, -0.152757, -0.046211, -0.235620, +1.727910, +1.335150, +1.018585, +1.157313, +0.911906, +0.979035, +0.318243, +0.574909, +0.528661, +0.258986, +0.350533, +0.000000, +0.097448, +0.135754, +0.073817, +0.435997, +0.221354]
frame=186 t= 9.300s reward=-0.162671 done=0 target=[+0.189945, -0.133667, -0.009316, -0.196513, +1.727910, +1.325968, +1.060251, +1.125550, +0.884751, +1.002985, +0.276576, +0.614585, +0.492618, +0.293661, +0.313000, +0.000000, +0.094969, +0.139553, +0.115483, +0.409811, +0.207193]
frame=187 t= 9.350s reward=+0.801276 done=0 target=[+0.185876, -0.174241, +0.032351, -0.188682, +1.727910, +1.312662, +1.101918, +1.118411, +0.874796, +1.044652, +0.255635, +0.650773, +0.455211, +0.312766, +0.333832, +0.013165, +0.073434, +0.136679, +0.157150, +0.384178, +0.198946]
frame=188 t= 9.400s reward=+0.977879 done=0 target=[+0.190230, -0.208901, +0.074018, -0.214989, +1.727910, +1.320089, +1.143585, +1.135535, +0.916463, +1.081812, +0.283666, +0.673328, +0.436906, +0.345006, +0.364480, +0.054832, +0.042754, +0.152492, +0.185528, +0.369896, +0.167048]
frame=189 t= 9.450s reward=+0.529321 done=0 target=[+0.195622, -0.200891, +0.115684, -0.235620, +1.727910, +1.335150, +1.185251, +1.133758, +0.958130, +1.100912, +0.307480, +0.672797, +0.416718, +0.377849, +0.373525, +0.087034, +0.017271, +0.163270, +0.189858, +0.376432, +0.145586]
frame=190 t= 9.500s reward=+0.481626 done=0 target=[+0.169791, -0.159224, +0.111646, -0.235620, +1.727910, +1.315002, +1.226918, +1.158762, +0.983910, +1.084857, +0.282505, +0.655944, +0.417388, +0.390875, +0.369465, +0.085315, +0.026950, +0.152619, +0.183722, +0.356839, +0.136689]
frame=191 t= 9.550s reward=+1.123753 done=0 target=[+0.174396, -0.117557, +0.069980, -0.235620, +1.727910, +1.307189, +1.268585, +1.180724, +0.984060, +1.045238, +0.289503, +0.639431, +0.411273, +0.410516, +0.376806, +0.093079, +0.031157, +0.145362, +0.196140, +0.356955, +0.158551]
frame=192 t= 9.600s reward=+1.104286 done=0 target=[+0.190526, -0.084864, +0.028313, -0.235620, +1.727910, +1.300995, +1.293354, +1.201290, +0.966761, +1.003572, +0.329628, +0.616038, +0.399694, +0.410856, +0.402424, +0.115862, +0.000000, +0.131318, +0.191921, +0.348496, +0.179849]
frame=193 t= 9.650s reward=+0.983493 done=0 target=[+0.209141, -0.059911, +0.033978, -0.235620, +1.727910, +1.294782, +1.281648, +1.221493, +0.972031, +0.961905, +0.371295, +0.595626, +0.401435, +0.397340, +0.438706, +0.130767, +0.000000, +0.126401, +0.188757, +0.347753, +0.194835]
frame=194 t= 9.700s reward=+1.020496 done=0 target=[+0.235620, -0.041294, +0.075644, -0.235620, +1.727910, +1.259133, +1.278335, +1.233174, +0.982300, +0.920238, +0.412961, +0.565259, +0.403792, +0.376820, +0.476458, +0.140959, +0.000000, +0.106734, +0.185597, +0.353803, +0.203729]
frame=195 t= 9.750s reward=+0.988549 done=0 target=[+0.235620, -0.003153, +0.117311, -0.219958, +1.727910, +1.271766, +1.295136, +1.197376, +0.990619, +0.878572, +0.454628, +0.523592, +0.399304, +0.339797, +0.468428, +0.134464, +0.000000, +0.118929, +0.160954, +0.354794, +0.198076]
frame=196 t= 9.800s reward=-0.072089 done=0 target=[+0.235620, -0.013826, +0.158978, -0.183535, +1.727910, +1.268806, +1.309989, +1.168961, +1.016518, +0.836905, +0.494390, +0.482556, +0.409241, +0.322098, +0.463291, +0.125939, +0.000000, +0.129282, +0.175650, +0.388926, +0.197713]
frame=197 t= 9.850s reward=-0.497358 done=0 target=[+0.235620, -0.055492, +0.200644, -0.153501, +1.727910, +1.310472, +1.268322, +1.160924, +1.048653, +0.802646, +0.501538, +0.476086, +0.429360, +0.285063, +0.443334, +0.121921, +0.000000, +0.156932, +0.175719, +0.399914, +0.180771]
frame=198 t= 9.900s reward=+1.033193 done=0 target=[+0.235620, -0.097159, +0.235620, -0.111834, +1.727910, +1.322337, +1.247244, +1.202590, +1.063894, +0.767462, +0.473703, +0.517753, +0.440500, +0.278753, +0.465611, +0.119218, +0.017533, +0.156714, +0.167937, +0.404826, +0.178543]
frame=199 t= 9.950s reward=+1.006288 done=0 target=[+0.235620, -0.138826, +0.235620, -0.070167, +1.727910, +1.333899, +1.206827, +1.244257, +1.074871, +0.738952, +0.446800, +0.559420, +0.441614, +0.275809, +0.478735, +0.129915, +0.028315, +0.158956, +0.167968, +0.370706, +0.163787]
