# task=cylinder
# algo=PPO
# checkpoint=/home/tan/hora/BrainCo/outputs/revo3_right/run_cylinder_v2_continue/stage1_nn/last.pth
# policy_dt_sec=0.050000
# policy_hz=20.000000
# action_semantics=delta
# action_formula=target=prev_target+(1/24)*raw_action then clamp(joint_limits)
# raw_action_definition=policy clamped delta output mu (pre delta-integration, [-1,1])
# target_definition=cur_targets (delta-accumulated + joint-limit clamped, used in PD formula)
# jointpos_definition=hand.data.joint_pos (absolute joint angles, rad)
# joint_order=0:right_index_MPR_joint, 1:right_little_MPR_joint, 2:right_middle_MPR_joint, 3:right_ring_MPR_joint, 4:right_thumb_CMP_joint, 5:right_index_MCP_joint, 6:right_little_MCP_joint, 7:right_middle_MCP_joint, 8:right_ring_MCP_joint, 9:right_thumb_CMR_joint, 10:right_index_PIP_joint, 11:right_little_PIP_joint, 12:right_middle_PIP_joint, 13:right_ring_PIP_joint, 14:right_thumb_MCP_joint, 15:right_index_DIP_joint, 16:right_little_DIP_joint, 17:right_middle_DIP_joint, 18:right_ring_DIP_joint, 19:right_thumb_PIP_joint, 20:right_thumb_DIP_joint

frame=000 t= 0.000s reward=-13.107315 done=0 jointpos=[+0.234057, -0.241768, +0.069880, -0.246279, +1.677139, +1.082539, +1.137131, +0.876493, +0.837243, +1.020247, +0.247403, +0.381154, +0.033812, +0.319642, +0.361496, +0.097194, +0.153431, +0.183366, +0.173271, +0.238841, +0.175918]
frame=001 t= 0.050s reward=-0.726241 done=0 jointpos=[+0.226573, -0.258270, -0.018919, -0.243569, +1.717600, +1.102306, +1.169532, +0.944841, +0.797589, +1.011544, +0.357772, +0.352627, +0.122860, +0.360901, +0.374449, +0.058844, +0.139060, +0.198899, +0.190460, +0.244811, +0.191460]
frame=002 t= 0.100s reward=-0.757776 done=0 jointpos=[+0.261692, -0.255906, -0.016046, -0.233636, +1.726955, +1.125712, +1.208923, +0.937672, +0.818340, +1.020124, +0.388122, +0.322916, +0.187649, +0.404615, +0.344703, +0.029887, +0.108086, +0.181344, +0.139280, +0.268992, +0.174244]
frame=003 t= 0.150s reward=-0.815961 done=0 jointpos=[+0.261800, -0.243977, -0.003893, -0.233513, +1.726056, +1.125097, +1.214151, +0.918831, +0.816020, +1.022730, +0.400610, +0.322811, +0.228583, +0.431293, +0.327318, +0.058973, +0.087637, +0.195019, +0.099720, +0.300007, +0.169066]
frame=004 t= 0.200s reward=-1.836283 done=0 jointpos=[+0.261800, -0.219714, +0.016805, -0.233513, +1.725157, +1.105345, +1.196251, +0.905100, +0.832011, +1.003278, +0.446400, +0.330897, +0.264518, +0.403763, +0.339727, +0.099586, +0.117187, +0.159899, +0.096662, +0.315370, +0.127844]
frame=005 t= 0.250s reward=+0.687140 done=0 jointpos=[+0.261800, -0.189698, +0.025285, -0.233532, +1.724763, +1.079452, +1.197892, +0.896861, +0.860305, +0.962157, +0.472953, +0.335810, +0.287648, +0.366952, +0.357572, +0.101679, +0.128389, +0.122521, +0.087222, +0.310249, +0.121847]
frame=006 t= 0.300s reward=+0.555174 done=0 jointpos=[+0.261800, -0.152325, +0.040104, -0.233574, +1.725196, +1.056358, +1.217553, +0.899534, +0.882404, +0.919298, +0.499542, +0.327944, +0.286738, +0.356120, +0.369827, +0.119320, +0.084308, +0.129642, +0.071894, +0.296486, +0.155197]
frame=007 t= 0.350s reward=+0.354349 done=0 jointpos=[+0.261800, -0.109839, +0.057121, -0.233574, +1.726331, +1.022504, +1.237757, +0.894127, +0.904326, +0.893203, +0.533534, +0.304411, +0.293150, +0.331456, +0.385714, +0.118227, +0.042972, +0.125213, +0.068245, +0.296904, +0.176045]
frame=008 t= 0.400s reward=-1.251318 done=0 jointpos=[+0.261800, -0.097146, +0.085137, -0.214303, +1.726323, +1.014336, +1.257260, +0.884784, +0.916896, +0.893173, +0.551111, +0.278998, +0.313917, +0.300218, +0.379981, +0.106927, +0.003752, +0.165257, +0.083475, +0.307432, +0.179215]
frame=009 t= 0.450s reward=+0.116149 done=0 jointpos=[+0.261800, -0.094160, +0.120932, -0.181702, +1.726270, +1.033185, +1.267759, +0.886167, +0.923354, +0.893157, +0.511869, +0.276399, +0.327372, +0.281878, +0.368744, +0.098502, -0.000000, +0.201958, +0.082234, +0.322053, +0.160483]
frame=010 t= 0.500s reward=+0.896002 done=0 jointpos=[+0.261800, -0.078310, +0.168812, -0.131132, +1.726297, +1.064256, +1.286834, +0.904817, +0.929005, +0.893146, +0.454817, +0.327491, +0.324127, +0.264620, +0.357872, +0.115180, +0.000000, +0.211633, +0.103194, +0.321155, +0.147763]
frame=011 t= 0.550s reward=+0.829513 done=0 jointpos=[+0.261800, -0.079203, +0.210122, -0.085534, +1.726226, +1.081630, +1.288387, +0.922092, +0.936178, +0.893146, +0.419963, +0.401001, +0.297437, +0.226145, +0.367268, +0.138497, +0.000000, +0.236249, +0.102876, +0.308381, +0.130774]
frame=012 t= 0.600s reward=+0.810567 done=0 jointpos=[+0.261800, -0.096272, +0.226789, -0.056654, +1.726200, +1.095651, +1.263721, +0.945627, +0.930207, +0.893115, +0.397632, +0.454439, +0.266288, +0.228314, +0.373055, +0.154668, +0.043839, +0.225116, +0.115207, +0.297089, +0.115175]
frame=013 t= 0.650s reward=+0.794536 done=0 jointpos=[+0.261800, -0.111289, +0.229865, -0.048280, +1.726212, +1.114794, +1.207448, +0.970970, +0.937224, +0.893130, +0.373852, +0.455144, +0.241838, +0.230068, +0.370223, +0.153140, +0.085276, +0.189501, +0.115207, +0.281142, +0.112545]
frame=014 t= 0.700s reward=+0.231679 done=0 jointpos=[+0.261800, -0.123138, +0.224678, -0.080893, +1.726178, +1.130193, +1.146030, +0.994699, +0.948252, +0.893123, +0.359528, +0.414570, +0.221272, +0.247892, +0.362256, +0.146103, +0.119037, +0.148191, +0.111996, +0.264531, +0.129970]
frame=015 t= 0.750s reward=+0.459586 done=0 jointpos=[+0.261800, -0.128014, +0.198432, -0.134190, +1.726208, +1.148624, +1.104228, +0.989156, +0.955420, +0.893122, +0.369800, +0.380552, +0.229998, +0.250317, +0.363550, +0.124047, +0.105374, +0.106557, +0.089215, +0.248133, +0.171751]
frame=016 t= 0.800s reward=+1.056168 done=0 jointpos=[+0.261800, -0.122674, +0.151934, -0.179693, +1.726316, +1.168143, +1.077512, +0.956699, +0.944822, +0.893187, +0.399032, +0.386728, +0.263893, +0.233457, +0.375933, +0.084389, +0.082549, +0.074009, +0.063980, +0.238292, +0.205192]
frame=017 t= 0.850s reward=-0.306753 done=0 jointpos=[+0.261777, -0.130026, +0.118027, -0.216566, +1.726783, +1.184422, +1.055118, +0.933014, +0.918909, +0.893400, +0.431819, +0.423697, +0.292270, +0.226720, +0.380097, +0.058582, +0.072994, +0.063524, +0.045683, +0.240445, +0.209423]
frame=018 t= 0.900s reward=+1.001766 done=0 jointpos=[+0.260836, -0.145838, +0.080987, -0.243332, +1.728120, +1.221592, +1.027419, +0.927652, +0.900637, +0.894021, +0.438685, +0.457690, +0.311387, +0.226720, +0.357862, +0.017352, +0.091365, +0.067755, +0.014839, +0.266518, +0.187818]
frame=019 t= 0.950s reward=+1.065657 done=0 jointpos=[+0.257291, -0.161615, +0.029934, -0.243387, +1.729298, +1.284105, +0.993627, +0.917543, +0.896048, +0.894537, +0.421228, +0.484795, +0.316948, +0.208658, +0.335679, +0.000123, +0.112300, +0.090670, +0.000000, +0.302250, +0.173415]
frame=020 t= 1.000s reward=+1.067738 done=0 jointpos=[+0.245154, -0.179988, -0.014217, -0.232889, +1.729234, +1.329440, +0.982656, +0.895485, +0.895311, +0.910108, +0.386973, +0.501505, +0.310373, +0.225590, +0.320711, +0.000123, +0.150187, +0.131868, +0.036256, +0.346805, +0.166005]
frame=021 t= 1.050s reward=+1.078388 done=0 jointpos=[+0.248853, -0.183282, -0.043676, -0.200186, +1.729740, +1.319174, +0.997347, +0.889549, +0.895311, +0.948069, +0.349539, +0.510311, +0.295132, +0.271587, +0.294718, +0.000123, +0.137429, +0.151927, +0.078864, +0.383283, +0.171125]
frame=022 t= 1.100s reward=-1.487924 done=0 jointpos=[+0.261800, -0.179155, -0.039947, -0.161748, +1.731289, +1.309349, +1.017583, +0.892901, +0.868147, +0.989332, +0.318854, +0.519974, +0.272650, +0.309127, +0.287632, +0.000445, +0.110889, +0.164925, +0.120102, +0.388466, +0.175143]
frame=023 t= 1.150s reward=-1.131885 done=0 jointpos=[+0.259447, -0.194852, -0.005918, -0.161499, +1.731078, +1.291886, +1.051126, +0.899831, +0.844020, +1.023288, +0.276256, +0.556093, +0.242775, +0.340630, +0.311802, +0.021845, +0.112784, +0.147830, +0.161803, +0.370317, +0.141836]
frame=024 t= 1.200s reward=+0.202211 done=0 jointpos=[+0.261742, -0.202416, +0.035736, -0.200403, +1.730937, +1.267879, +1.108942, +0.910090, +0.833406, +1.073588, +0.247586, +0.597407, +0.225157, +0.375708, +0.311623, +0.044186, +0.068336, +0.170224, +0.199394, +0.354760, +0.141861]
frame=025 t= 1.250s reward=+1.121094 done=0 jointpos=[+0.261800, -0.203753, +0.077468, -0.225972, +1.728697, +1.245046, +1.155472, +0.919367, +0.847716, +1.107320, +0.269985, +0.590991, +0.231765, +0.375663, +0.307269, +0.085471, +0.032769, +0.181499, +0.187439, +0.345397, +0.134196]
frame=026 t= 1.300s reward=+0.687941 done=0 jointpos=[+0.261800, -0.207384, +0.098954, -0.241372, +1.725333, +1.224459, +1.177801, +0.928714, +0.862995, +1.100999, +0.316043, +0.568080, +0.234269, +0.370689, +0.316587, +0.106606, +0.026392, +0.163344, +0.184482, +0.326668, +0.119853]
frame=027 t= 1.350s reward=+1.071720 done=0 jointpos=[+0.261742, -0.192854, +0.093363, -0.249651, +1.724908, +1.203019, +1.187156, +0.940580, +0.868692, +1.069579, +0.342194, +0.560503, +0.216416, +0.371090, +0.333992, +0.087154, +0.048713, +0.122538, +0.176903, +0.301858, +0.127232]
frame=028 t= 1.400s reward=+1.105098 done=0 jointpos=[+0.261800, -0.163434, +0.084291, -0.252482, +1.724789, +1.168512, +1.192275, +0.940452, +0.872554, +1.006552, +0.371423, +0.551709, +0.197333, +0.372291, +0.358482, +0.081372, +0.025316, +0.113639, +0.155185, +0.288584, +0.163148]
frame=029 t= 1.450s reward=-0.089272 done=0 jointpos=[+0.261800, -0.134852, +0.080535, -0.248742, +1.725382, +1.130754, +1.194077, +0.929232, +0.884564, +0.945846, +0.411333, +0.540006, +0.194429, +0.340270, +0.386119, +0.089701, +0.013250, +0.123694, +0.150833, +0.281147, +0.189692]
frame=030 t= 1.500s reward=+1.020656 done=0 jointpos=[+0.261800, -0.105861, +0.092238, -0.248757, +1.726976, +1.095446, +1.213871, +0.917502, +0.898982, +0.895268, +0.449623, +0.511741, +0.216465, +0.317299, +0.413813, +0.082350, +0.019716, +0.117918, +0.146281, +0.284253, +0.188907]
frame=031 t= 1.550s reward=+1.042269 done=0 jointpos=[+0.261800, -0.097388, +0.125165, -0.228998, +1.726933, +1.076789, +1.253781, +0.909422, +0.914769, +0.895181, +0.479505, +0.460299, +0.251643, +0.288222, +0.402098, +0.062950, +0.013982, +0.129833, +0.130423, +0.300669, +0.180257]
frame=032 t= 1.600s reward=+1.061266 done=0 jointpos=[+0.261800, -0.099836, +0.168682, -0.181762, +1.726885, +1.085015, +1.285586, +0.915880, +0.923863, +0.895177, +0.470501, +0.436468, +0.263364, +0.246913, +0.379629, +0.058682, +0.000000, +0.166611, +0.144625, +0.324434, +0.172599]
frame=033 t= 1.650s reward=+0.689728 done=0 jointpos=[+0.261800, -0.100761, +0.209747, -0.139118, +1.726846, +1.099797, +1.287561, +0.925491, +0.920894, +0.895142, +0.432073, +0.463792, +0.261766, +0.228580, +0.375716, +0.079617, +0.004863, +0.184088, +0.157883, +0.330882, +0.156190]
frame=034 t= 1.700s reward=+0.958321 done=0 jointpos=[+0.261800, -0.112818, +0.225133, -0.110928, +1.726846, +1.115014, +1.264607, +0.939559, +0.922937, +0.895138, +0.402584, +0.523084, +0.244288, +0.217678, +0.375813, +0.103257, +0.043503, +0.189897, +0.152037, +0.328858, +0.139617]
frame=035 t= 1.750s reward=+1.032368 done=0 jointpos=[+0.261800, -0.135294, +0.229410, -0.093610, +1.726816, +1.137455, +1.220153, +0.965608, +0.928123, +0.895118, +0.367505, +0.561862, +0.223064, +0.225945, +0.370282, +0.113612, +0.085597, +0.159626, +0.132911, +0.313595, +0.134084]
frame=036 t= 1.800s reward=+0.613633 done=0 jointpos=[+0.261768, -0.148533, +0.222193, -0.101127, +1.726770, +1.166601, +1.150480, +0.993734, +0.948847, +0.895118, +0.327449, +0.549723, +0.206736, +0.224884, +0.366573, +0.109636, +0.107695, +0.118523, +0.110528, +0.280115, +0.142246]
frame=037 t= 1.850s reward=+1.058620 done=0 jointpos=[+0.261800, -0.163190, +0.204511, -0.141770, +1.726763, +1.180215, +1.087491, +1.010498, +0.971518, +0.895124, +0.321717, +0.505354, +0.217321, +0.228920, +0.351495, +0.110920, +0.091609, +0.084409, +0.092794, +0.249048, +0.171430]
frame=038 t= 1.900s reward=+1.091998 done=0 jointpos=[+0.261439, -0.169891, +0.168708, -0.192490, +1.726760, +1.185380, +1.044253, +0.994676, +0.980004, +0.895105, +0.355729, +0.477971, +0.258230, +0.224129, +0.344953, +0.085702, +0.066029, +0.055048, +0.075367, +0.232993, +0.212525]
frame=039 t= 1.950s reward=+1.027021 done=0 jointpos=[+0.261636, -0.164890, +0.125110, -0.234575, +1.726904, +1.196580, +1.013790, +0.955145, +0.957778, +0.895185, +0.399222, +0.486675, +0.300259, +0.222569, +0.348223, +0.044414, +0.047617, +0.053887, +0.050210, +0.237502, +0.253760]
frame=040 t= 2.000s reward=+0.520004 done=0 jointpos=[+0.258615, -0.159582, +0.080248, -0.246755, +1.727214, +1.238597, +0.982768, +0.934885, +0.919221, +0.895332, +0.428692, +0.514242, +0.327780, +0.218792, +0.335870, +0.009367, +0.061809, +0.080069, +0.021401, +0.263061, +0.229218]
frame=041 t= 2.050s reward=+0.371133 done=0 jointpos=[+0.245080, -0.164699, +0.040599, -0.236600, +1.728310, +1.322547, +0.956402, +0.919386, +0.884630, +0.895890, +0.426245, +0.538303, +0.325701, +0.203845, +0.320146, +0.000254, +0.088682, +0.104445, +0.021758, +0.310885, +0.206643]
frame=042 t= 2.100s reward=+1.106967 done=0 jointpos=[+0.232124, -0.181856, +0.007595, -0.231424, +1.728605, +1.347427, +0.956433, +0.907378, +0.870404, +0.903709, +0.378418, +0.546421, +0.324205, +0.235044, +0.292330, +0.000254, +0.131011, +0.139111, +0.059274, +0.363211, +0.189404]
frame=043 t= 2.150s reward=+1.113926 done=0 jointpos=[+0.232820, -0.185727, -0.030696, -0.210495, +1.730018, +1.322602, +0.972912, +0.894773, +0.870404, +0.945172, +0.341525, +0.548291, +0.321395, +0.281549, +0.271163, +0.000254, +0.131428, +0.146321, +0.101776, +0.395701, +0.190490]
frame=044 t= 2.200s reward=+1.127883 done=0 jointpos=[+0.241187, -0.184377, -0.024485, -0.171296, +1.730929, +1.299044, +0.995658, +0.889108, +0.870404, +0.988598, +0.307245, +0.553082, +0.310043, +0.323246, +0.270051, +0.000254, +0.106480, +0.168718, +0.143347, +0.398209, +0.176997]
frame=045 t= 2.250s reward=+1.117547 done=0 jointpos=[+0.255236, -0.190338, +0.018755, -0.173757, +1.731225, +1.297236, +1.026446, +0.910600, +0.864974, +1.018941, +0.288360, +0.566471, +0.282380, +0.348800, +0.268229, +0.023960, +0.087316, +0.174523, +0.184700, +0.383799, +0.176567]
frame=046 t= 2.300s reward=+0.905718 done=0 jointpos=[+0.261800, -0.198660, +0.065311, -0.208293, +1.730574, +1.281909, +1.055532, +0.931939, +0.867033, +1.051050, +0.285381, +0.585066, +0.254961, +0.363698, +0.275203, +0.050878, +0.064126, +0.159970, +0.183929, +0.363066, +0.171464]
frame=047 t= 2.350s reward=+1.127060 done=0 jointpos=[+0.261800, -0.199002, +0.108058, -0.233094, +1.728806, +1.258277, +1.076881, +0.933273, +0.870132, +1.077466, +0.302386, +0.589977, +0.246038, +0.366934, +0.287887, +0.074252, +0.034267, +0.186455, +0.179487, +0.342866, +0.157202]
frame=048 t= 2.400s reward=+0.403627 done=0 jointpos=[+0.261800, -0.196068, +0.114490, -0.244829, +1.726179, +1.243618, +1.092601, +0.939012, +0.869606, +1.088209, +0.312461, +0.576724, +0.244031, +0.372800, +0.291264, +0.092211, +0.023736, +0.165033, +0.190964, +0.331485, +0.162271]
frame=049 t= 2.450s reward=+1.134645 done=0 jointpos=[+0.261800, -0.186787, +0.091227, -0.255936, +1.725195, +1.226198, +1.119339, +0.948702, +0.869045, +1.072867, +0.311859, +0.561885, +0.226201, +0.385192, +0.299132, +0.100292, +0.021419, +0.153913, +0.201205, +0.316090, +0.168378]
frame=050 t= 2.500s reward=+0.773258 done=0 jointpos=[+0.261800, -0.167583, +0.071864, -0.259689, +1.725366, +1.192961, +1.137943, +0.957580, +0.873692, +1.014262, +0.338005, +0.555647, +0.198537, +0.387720, +0.318690, +0.116454, +0.004042, +0.158750, +0.196244, +0.300522, +0.193750]
frame=051 t= 2.550s reward=+1.142761 done=0 jointpos=[+0.261800, -0.143707, +0.059939, -0.251925, +1.725416, +1.154066, +1.154118, +0.953422, +0.886502, +0.946660, +0.377326, +0.540322, +0.199809, +0.368191, +0.349157, +0.114572, +0.003135, +0.130702, +0.184761, +0.283885, +0.197997]
frame=052 t= 2.600s reward=+1.087737 done=0 jointpos=[+0.261800, -0.113237, +0.056870, -0.246164, +1.726289, +1.113969, +1.174014, +0.940896, +0.904319, +0.897215, +0.417945, +0.511449, +0.212727, +0.336203, +0.377259, +0.099858, +0.009047, +0.129712, +0.177645, +0.280461, +0.205409]
frame=053 t= 2.650s reward=+1.106531 done=0 jointpos=[+0.261800, -0.096870, +0.087770, -0.225592, +1.726487, +1.087037, +1.203766, +0.934350, +0.915872, +0.895039, +0.448040, +0.474909, +0.229307, +0.304277, +0.369495, +0.102667, +0.000168, +0.158403, +0.182952, +0.298666, +0.207684]
frame=054 t= 2.700s reward=+1.064818 done=0 jointpos=[+0.261800, -0.098184, +0.136393, -0.182695, +1.726490, +1.082711, +1.235466, +0.936430, +0.917985, +0.895028, +0.453792, +0.438516, +0.246052, +0.280238, +0.352775, +0.104807, +0.000319, +0.167626, +0.187357, +0.319333, +0.206864]
frame=055 t= 2.750s reward=+1.052096 done=0 jointpos=[+0.261800, -0.091793, +0.186816, -0.143685, +1.726480, +1.087485, +1.254082, +0.939809, +0.915433, +0.895030, +0.436427, +0.442484, +0.235139, +0.253434, +0.361700, +0.106028, +0.009286, +0.193365, +0.184546, +0.324583, +0.192285]
frame=056 t= 2.800s reward=+1.084393 done=0 jointpos=[+0.261800, -0.100276, +0.222678, -0.116818, +1.726458, +1.100870, +1.249094, +0.956575, +0.922140, +0.895002, +0.409287, +0.493493, +0.207825, +0.228125, +0.370365, +0.114033, +0.041167, +0.208279, +0.177678, +0.321579, +0.168125]
frame=057 t= 2.850s reward=+1.080752 done=0 jointpos=[+0.261800, -0.116667, +0.229068, -0.112765, +1.726469, +1.117675, +1.224637, +0.966287, +0.928717, +0.894996, +0.379963, +0.537273, +0.204794, +0.223748, +0.379562, +0.124510, +0.083418, +0.196353, +0.173971, +0.301608, +0.144765]
frame=058 t= 2.900s reward=+1.082740 done=0 jointpos=[+0.261800, -0.131887, +0.226872, -0.123933, +1.726465, +1.135003, +1.183027, +0.980833, +0.935962, +0.895012, +0.357287, +0.531887, +0.211296, +0.247251, +0.374379, +0.134993, +0.094674, +0.155897, +0.146358, +0.280773, +0.140905]
frame=059 t= 2.950s reward=+1.039033 done=0 jointpos=[+0.261800, -0.144347, +0.209945, -0.144177, +1.726409, +1.149546, +1.127712, +1.001150, +0.951866, +0.895009, +0.351220, +0.489096, +0.216754, +0.263454, +0.356341, +0.136836, +0.092310, +0.114249, +0.136150, +0.254211, +0.170494]
frame=060 t= 3.000s reward=+1.043868 done=0 jointpos=[+0.261800, -0.148416, +0.182001, -0.184693, +1.726422, +1.159693, +1.075125, +0.997964, +0.964047, +0.894994, +0.369464, +0.463243, +0.230713, +0.238658, +0.355125, +0.113623, +0.086771, +0.085834, +0.117157, +0.233075, +0.209361]
frame=061 t= 3.050s reward=+1.094461 done=0 jointpos=[+0.261730, -0.148416, +0.140774, -0.232013, +1.726439, +1.173951, +1.034652, +0.975061, +0.952667, +0.895005, +0.400500, +0.468571, +0.271097, +0.227598, +0.355927, +0.083561, +0.067319, +0.083466, +0.083499, +0.222895, +0.219872]
frame=062 t= 3.100s reward=+0.305994 done=0 jointpos=[+0.260642, -0.148416, +0.093986, -0.249195, +1.726948, +1.218530, +1.001434, +0.942988, +0.919764, +0.895272, +0.435470, +0.487729, +0.305541, +0.227598, +0.356788, +0.042438, +0.064842, +0.080432, +0.046722, +0.238508, +0.219207]
frame=063 t= 3.150s reward=+0.781562 done=0 jointpos=[+0.243513, -0.164060, +0.057386, -0.237916, +1.728405, +1.314817, +0.971264, +0.919194, +0.891819, +0.896050, +0.433831, +0.504737, +0.310161, +0.227598, +0.347012, +0.000928, +0.105645, +0.103144, +0.023551, +0.286247, +0.202998]
frame=064 t= 3.200s reward=+1.103055 done=0 jointpos=[+0.229845, -0.183772, +0.023390, -0.230426, +1.729073, +1.345155, +0.969562, +0.911345, +0.887654, +0.896873, +0.383100, +0.522211, +0.311386, +0.234961, +0.311732, +0.000420, +0.147353, +0.139786, +0.048946, +0.336683, +0.201860]
frame=065 t= 3.250s reward=+0.950602 done=0 jointpos=[+0.234230, -0.187795, -0.013648, -0.217673, +1.729583, +1.324927, +0.978481, +0.907240, +0.893603, +0.927111, +0.345305, +0.537221, +0.297104, +0.271320, +0.280650, +0.000420, +0.160923, +0.144036, +0.092702, +0.382154, +0.223425]
frame=066 t= 3.300s reward=+1.125818 done=0 jointpos=[+0.244306, -0.183651, -0.015595, -0.179132, +1.730870, +1.299016, +1.001920, +0.897482, +0.878705, +0.973868, +0.315348, +0.552255, +0.287958, +0.311443, +0.286800, +0.004425, +0.115438, +0.153292, +0.133336, +0.380319, +0.204936]
frame=067 t= 3.350s reward=+1.028885 done=0 jointpos=[+0.261800, -0.192344, +0.014222, -0.170527, +1.731412, +1.296193, +1.031400, +0.905823, +0.859003, +1.005566, +0.299740, +0.570472, +0.274591, +0.347422, +0.290779, +0.026416, +0.079963, +0.163171, +0.175587, +0.369374, +0.177839]
frame=068 t= 3.400s reward=+0.978710 done=0 jointpos=[+0.261758, -0.209256, +0.059155, -0.206295, +1.731099, +1.289912, +1.055110, +0.926045, +0.867096, +1.028583, +0.289982, +0.589316, +0.250866, +0.357638, +0.300675, +0.061630, +0.070054, +0.164792, +0.174061, +0.347186, +0.151483]
frame=069 t= 3.450s reward=+1.008330 done=0 jointpos=[+0.261702, -0.214212, +0.095707, -0.241162, +1.730369, +1.279916, +1.076747, +0.938446, +0.875635, +1.049720, +0.281438, +0.601494, +0.241857, +0.359792, +0.301043, +0.068991, +0.057284, +0.173749, +0.183180, +0.329659, +0.154474]
frame=070 t= 3.500s reward=-1.714792 done=0 jointpos=[+0.261800, -0.213931, +0.116472, -0.249524, +1.727428, +1.266268, +1.087577, +0.943458, +0.881596, +1.050701, +0.299876, +0.594455, +0.240508, +0.365827, +0.305900, +0.074172, +0.047247, +0.184853, +0.168381, +0.318345, +0.148784]
frame=071 t= 3.550s reward=+1.149122 done=0 jointpos=[+0.261800, -0.205822, +0.098268, -0.252949, +1.725910, +1.249835, +1.103833, +0.950916, +0.868783, +1.052176, +0.300982, +0.586049, +0.233925, +0.389631, +0.311225, +0.085588, +0.053936, +0.154941, +0.191276, +0.301783, +0.162617]
frame=072 t= 3.600s reward=+1.137838 done=0 jointpos=[+0.261800, -0.183797, +0.067360, -0.253062, +1.725554, +1.213997, +1.141313, +0.949198, +0.865532, +1.036241, +0.312277, +0.573090, +0.228449, +0.405113, +0.326123, +0.108582, +0.009721, +0.133275, +0.195191, +0.280765, +0.168795]
frame=073 t= 3.650s reward=+1.153377 done=0 jointpos=[+0.261800, -0.162915, +0.055658, -0.253041, +1.724678, +1.171369, +1.166886, +0.952585, +0.873350, +0.979565, +0.351266, +0.558527, +0.214854, +0.401409, +0.348223, +0.140519, +0.000413, +0.143890, +0.197779, +0.259761, +0.186020]
frame=074 t= 3.700s reward=+0.999990 done=0 jointpos=[+0.261800, -0.137075, +0.069684, -0.247360, +1.725627, +1.133955, +1.173545, +0.957963, +0.890787, +0.924760, +0.392359, +0.541016, +0.201799, +0.368143, +0.371591, +0.136594, +0.000572, +0.118315, +0.196843, +0.252792, +0.198243]
frame=075 t= 3.750s reward=+1.058733 done=0 jointpos=[+0.261800, -0.107605, +0.123083, -0.223274, +1.726179, +1.103050, +1.194597, +0.964707, +0.905991, +0.893495, +0.435126, +0.509845, +0.196095, +0.329669, +0.388716, +0.102864, +0.000667, +0.115384, +0.191797, +0.253781, +0.202855]
frame=076 t= 3.800s reward=+1.026086 done=0 jointpos=[+0.261800, -0.111497, +0.149295, -0.178303, +1.726252, +1.094240, +1.207016, +0.964022, +0.915032, +0.893559, +0.458798, +0.485128, +0.205105, +0.290833, +0.379241, +0.087164, +0.000667, +0.138856, +0.190945, +0.272115, +0.189113]
frame=077 t= 3.850s reward=+0.815544 done=0 jointpos=[+0.261800, -0.100930, +0.186414, -0.135776, +1.726280, +1.096833, +1.237539, +0.952014, +0.915233, +0.893560, +0.441505, +0.487296, +0.229642, +0.258168, +0.372759, +0.093280, +0.000667, +0.150835, +0.186382, +0.297883, +0.182183]
frame=078 t= 3.900s reward=+1.075376 done=0 jointpos=[+0.261800, -0.108406, +0.218057, -0.111063, +1.726308, +1.111879, +1.254843, +0.949779, +0.926108, +0.893547, +0.415347, +0.512498, +0.252075, +0.230489, +0.368759, +0.107503, +0.032611, +0.177166, +0.176156, +0.302922, +0.160360]
frame=079 t= 3.950s reward=+0.829906 done=0 jointpos=[+0.261800, -0.132437, +0.229689, -0.113958, +1.726317, +1.131176, +1.237320, +0.962778, +0.940228, +0.893555, +0.383387, +0.545214, +0.249285, +0.220322, +0.364392, +0.121353, +0.073999, +0.159395, +0.170531, +0.294275, +0.157363]
frame=080 t= 4.000s reward=+0.448764 done=0 jointpos=[+0.261800, -0.158870, +0.226815, -0.131265, +1.726319, +1.154636, +1.184415, +0.985775, +0.954855, +0.893568, +0.348817, +0.542130, +0.232615, +0.230644, +0.355250, +0.122723, +0.088592, +0.123436, +0.136544, +0.281316, +0.164690]
frame=081 t= 4.050s reward=+0.395320 done=0 jointpos=[+0.261641, -0.179856, +0.212038, -0.161392, +1.726380, +1.177583, +1.118006, +0.996473, +0.968275, +0.893593, +0.324471, +0.508127, +0.238372, +0.245172, +0.344369, +0.116617, +0.093797, +0.097684, +0.115175, +0.264474, +0.185200]
frame=082 t= 4.100s reward=+1.064628 done=0 jointpos=[+0.261041, -0.186607, +0.175045, -0.203948, +1.726601, +1.202983, +1.062034, +0.980350, +0.975509, +0.893699, +0.325836, +0.481873, +0.277541, +0.247341, +0.336818, +0.082639, +0.072758, +0.076068, +0.088880, +0.252363, +0.220370]
frame=083 t= 4.150s reward=+0.907836 done=0 jointpos=[+0.261800, -0.180470, +0.125514, -0.244771, +1.727127, +1.232148, +1.023485, +0.946206, +0.963299, +0.893951, +0.359345, +0.483398, +0.330511, +0.233861, +0.334443, +0.051634, +0.040230, +0.068113, +0.045158, +0.250181, +0.250829]
frame=084 t= 4.200s reward=+0.998239 done=0 jointpos=[+0.249563, -0.178900, +0.080933, -0.248058, +1.727966, +1.289772, +0.993346, +0.916442, +0.929547, +0.894369, +0.402829, +0.504867, +0.361141, +0.228809, +0.326432, +0.023569, +0.059212, +0.085739, +0.037129, +0.277845, +0.248984]
frame=085 t= 4.250s reward=+0.734907 done=0 jointpos=[+0.224356, -0.188804, +0.046171, -0.232482, +1.729259, +1.357661, +0.971482, +0.906542, +0.896152, +0.894946, +0.386218, +0.527561, +0.344038, +0.243413, +0.308025, +0.000088, +0.102615, +0.126101, +0.060404, +0.329836, +0.234712]
frame=086 t= 4.300s reward=+1.069968 done=0 jointpos=[+0.216585, -0.196230, +0.011300, -0.229493, +1.729411, +1.358776, +0.969964, +0.907973, +0.883660, +0.910729, +0.332832, +0.544551, +0.313075, +0.270603, +0.276114, +0.000088, +0.143921, +0.165090, +0.104122, +0.379895, +0.239379]
frame=087 t= 4.350s reward=+1.000391 done=0 jointpos=[+0.232749, -0.189744, -0.010637, -0.213997, +1.730664, +1.332784, +0.980811, +0.894142, +0.883660, +0.958670, +0.294311, +0.556848, +0.309734, +0.290591, +0.268650, +0.000088, +0.137753, +0.162888, +0.145966, +0.397202, +0.222175]
frame=088 t= 4.400s reward=+1.044333 done=0 jointpos=[+0.257250, -0.191643, +0.015535, -0.191828, +1.730723, +1.316584, +1.007276, +0.893762, +0.867181, +1.001117, +0.286337, +0.579251, +0.309549, +0.322152, +0.273031, +0.018267, +0.093992, +0.167901, +0.187033, +0.385073, +0.206648]
frame=089 t= 4.450s reward=+0.841882 done=0 jointpos=[+0.261186, -0.202242, +0.066906, -0.191418, +1.730723, +1.297500, +1.034067, +0.911970, +0.855551, +1.030471, +0.287345, +0.606457, +0.275546, +0.348033, +0.282569, +0.036942, +0.068609, +0.168334, +0.199735, +0.373891, +0.188004]
frame=090 t= 4.500s reward=+0.866566 done=0 jointpos=[+0.261800, -0.206836, +0.114631, -0.217496, +1.729998, +1.276609, +1.056463, +0.932003, +0.859876, +1.055341, +0.301007, +0.618094, +0.241167, +0.348018, +0.292818, +0.067068, +0.050103, +0.173778, +0.196042, +0.356643, +0.173627]
frame=091 t= 4.550s reward=-0.964000 done=0 jointpos=[+0.261800, -0.211136, +0.131907, -0.243240, +1.728146, +1.263971, +1.082285, +0.950577, +0.866939, +1.069108, +0.309731, +0.607368, +0.226332, +0.355354, +0.300225, +0.072169, +0.029818, +0.164474, +0.205867, +0.335806, +0.155861]
frame=092 t= 4.600s reward=+1.132504 done=0 jointpos=[+0.261800, -0.209041, +0.109167, -0.258387, +1.725714, +1.246139, +1.120530, +0.958056, +0.869584, +1.060670, +0.308622, +0.590415, +0.225421, +0.377609, +0.306888, +0.077169, +0.021923, +0.128308, +0.203657, +0.313297, +0.151626]
frame=093 t= 4.650s reward=+1.137971 done=0 jointpos=[+0.261800, -0.196977, +0.081445, -0.257377, +1.725624, +1.213738, +1.156097, +0.962872, +0.873698, +1.025250, +0.334689, +0.581890, +0.214964, +0.392958, +0.323844, +0.101938, +0.000000, +0.124467, +0.189733, +0.281434, +0.168640]
frame=094 t= 4.700s reward=+1.147497 done=0 jointpos=[+0.261800, -0.178352, +0.070974, -0.247594, +1.724717, +1.176151, +1.171631, +0.968539, +0.886667, +0.966722, +0.375528, +0.575226, +0.199726, +0.373297, +0.348033, +0.122072, +0.000000, +0.116995, +0.190634, +0.257695, +0.184473]
frame=095 t= 4.750s reward=+1.085726 done=0 jointpos=[+0.261800, -0.143018, +0.071123, -0.243065, +1.725783, +1.137515, +1.177500, +0.959369, +0.895672, +0.919565, +0.406049, +0.556094, +0.197792, +0.353681, +0.370028, +0.122176, +0.000783, +0.120402, +0.184480, +0.257912, +0.199600]
frame=096 t= 4.800s reward=+1.021792 done=0 jointpos=[+0.261800, -0.103245, +0.097043, -0.237419, +1.726736, +1.098607, +1.199538, +0.944164, +0.911926, +0.893774, +0.433409, +0.519314, +0.219440, +0.324823, +0.377290, +0.124108, +0.000783, +0.134747, +0.178598, +0.282565, +0.205007]
frame=097 t= 4.850s reward=+1.070668 done=0 jointpos=[+0.261800, -0.098034, +0.138230, -0.204234, +1.726729, +1.076470, +1.224119, +0.941511, +0.926586, +0.893784, +0.468236, +0.486075, +0.235112, +0.282488, +0.363155, +0.118351, +0.000783, +0.156865, +0.178550, +0.306789, +0.204964]
frame=098 t= 4.900s reward=+0.167286 done=0 jointpos=[+0.261800, -0.096152, +0.183226, -0.151609, +1.726840, +1.080657, +1.238615, +0.951449, +0.929922, +0.893839, +0.469413, +0.474566, +0.231005, +0.249636, +0.350786, +0.093809, +0.005193, +0.183661, +0.178225, +0.321329, +0.203290]
frame=099 t= 4.950s reward=+1.026884 done=0 jointpos=[+0.261800, -0.101553, +0.214891, -0.110258, +1.726877, +1.092342, +1.236247, +0.965116, +0.929458, +0.893824, +0.450091, +0.498375, +0.214075, +0.232278, +0.350567, +0.094580, +0.023841, +0.206349, +0.178341, +0.323420, +0.183098]
frame=100 t= 5.000s reward=+1.040537 done=0 jointpos=[+0.261800, -0.120636, +0.227726, -0.090559, +1.726835, +1.110659, +1.214807, +0.980958, +0.936359, +0.893818, +0.418255, +0.551163, +0.198875, +0.213174, +0.357296, +0.116209, +0.067032, +0.201421, +0.193497, +0.312155, +0.148197]
frame=101 t= 5.050s reward=+1.074839 done=0 jointpos=[+0.261800, -0.137232, +0.233086, -0.096850, +1.726828, +1.131454, +1.174143, +0.996796, +0.945401, +0.893807, +0.380860, +0.586710, +0.184559, +0.213617, +0.365736, +0.118836, +0.105175, +0.171018, +0.171871, +0.294030, +0.127551]
frame=102 t= 5.100s reward=+0.454775 done=0 jointpos=[+0.261800, -0.150528, +0.226347, -0.132986, +1.726811, +1.148101, +1.128577, +1.012701, +0.956971, +0.893807, +0.358710, +0.569266, +0.183653, +0.239726, +0.363855, +0.125578, +0.107820, +0.129958, +0.138908, +0.265570, +0.140391]
frame=103 t= 5.150s reward=+1.024728 done=0 jointpos=[+0.261800, -0.161216, +0.198984, -0.184073, +1.726812, +1.162879, +1.090634, +1.017713, +0.963089, +0.893796, +0.365838, +0.522524, +0.211190, +0.249734, +0.349127, +0.116582, +0.083970, +0.088626, +0.110860, +0.240321, +0.174924]
frame=104 t= 5.200s reward=+1.077252 done=0 jointpos=[+0.261757, -0.163180, +0.155649, -0.227914, +1.726844, +1.182456, +1.054451, +0.996973, +0.946305, +0.893800, +0.387847, +0.496240, +0.257797, +0.239456, +0.346301, +0.083588, +0.059900, +0.073164, +0.102437, +0.220532, +0.207581]
frame=105 t= 5.250s reward=+0.711344 done=0 jointpos=[+0.261126, -0.163180, +0.109157, -0.245998, +1.727085, +1.227575, +1.014128, +0.956338, +0.909809, +0.893921, +0.416003, +0.503111, +0.295859, +0.235509, +0.350283, +0.042574, +0.055938, +0.075519, +0.075257, +0.235496, +0.228549]
frame=106 t= 5.300s reward=+0.935505 done=0 jointpos=[+0.240928, -0.174741, +0.071004, -0.239287, +1.727896, +1.317084, +0.972174, +0.925483, +0.876847, +0.894315, +0.430673, +0.518361, +0.319421, +0.235509, +0.338371, +0.001263, +0.082736, +0.106950, +0.051799, +0.280319, +0.218499]
frame=107 t= 5.350s reward=+0.872482 done=0 jointpos=[+0.210528, -0.186055, +0.037833, -0.231716, +1.728671, +1.384098, +0.956682, +0.915744, +0.863829, +0.896701, +0.396560, +0.533828, +0.313530, +0.240428, +0.308691, +0.000348, +0.125342, +0.145765, +0.069377, +0.334742, +0.218761]
frame=108 t= 5.400s reward=+1.063916 done=0 jointpos=[+0.209520, -0.195103, +0.001197, -0.217906, +1.728750, +1.369715, +0.957248, +0.916524, +0.868999, +0.915891, +0.355312, +0.548662, +0.283805, +0.279566, +0.278177, +0.000348, +0.166564, +0.169119, +0.113712, +0.384297, +0.226555]
frame=109 t= 5.450s reward=+0.844322 done=0 jointpos=[+0.230607, -0.190330, -0.013234, -0.181117, +1.730095, +1.331758, +0.971495, +0.904518, +0.874094, +0.972707, +0.319831, +0.568230, +0.277759, +0.312479, +0.267804, +0.000348, +0.152094, +0.170359, +0.155488, +0.399395, +0.220860]
frame=110 t= 5.500s reward=+1.085519 done=0 jointpos=[+0.252619, -0.192618, +0.017763, -0.166616, +1.730084, +1.311121, +0.999805, +0.900957, +0.849592, +1.017295, +0.301070, +0.589022, +0.278282, +0.343979, +0.274239, +0.001876, +0.108839, +0.180369, +0.196879, +0.388162, +0.199438]
frame=111 t= 5.550s reward=+0.894405 done=0 jointpos=[+0.261476, -0.200994, +0.067520, -0.188995, +1.730519, +1.296280, +1.033026, +0.916953, +0.845592, +1.052773, +0.296027, +0.599707, +0.260734, +0.358660, +0.276597, +0.025595, +0.067801, +0.172847, +0.213010, +0.377694, +0.181597]
frame=112 t= 5.600s reward=+0.940382 done=0 jointpos=[+0.261542, -0.209585, +0.114996, -0.223483, +1.729572, +1.279545, +1.063702, +0.933441, +0.855485, +1.083317, +0.297417, +0.601960, +0.242788, +0.361284, +0.282749, +0.051356, +0.052083, +0.177403, +0.205080, +0.364750, +0.157607]
frame=113 t= 5.650s reward=+0.492081 done=0 jointpos=[+0.261793, -0.212166, +0.128627, -0.245371, +1.726849, +1.265711, +1.085116, +0.945487, +0.864750, +1.092134, +0.309662, +0.595379, +0.233128, +0.363468, +0.287891, +0.064231, +0.034741, +0.170596, +0.202649, +0.346105, +0.159727]
frame=114 t= 5.700s reward=+1.140397 done=0 jointpos=[+0.261800, -0.208360, +0.108479, -0.254977, +1.725062, +1.242843, +1.107958, +0.951705, +0.868213, +1.072899, +0.327332, +0.589126, +0.227668, +0.373425, +0.299660, +0.081579, +0.028018, +0.141021, +0.195051, +0.322345, +0.167812]
frame=115 t= 5.750s reward=+1.113843 done=0 jointpos=[+0.261800, -0.189350, +0.077969, -0.256168, +1.725747, +1.202811, +1.141258, +0.951630, +0.866009, +1.015810, +0.357238, +0.583056, +0.219623, +0.388209, +0.320731, +0.094518, +0.000000, +0.126367, +0.203148, +0.300349, +0.186268]
frame=116 t= 5.800s reward=-0.332781 done=0 jointpos=[+0.261800, -0.167521, +0.068452, -0.249068, +1.725347, +1.164735, +1.151103, +0.951423, +0.877497, +0.950392, +0.398285, +0.568234, +0.202959, +0.368341, +0.347729, +0.101875, +0.000000, +0.121887, +0.190109, +0.289108, +0.197890]
frame=117 t= 5.850s reward=+1.096517 done=0 jointpos=[+0.261800, -0.139396, +0.076444, -0.242408, +1.726114, +1.128170, +1.160194, +0.949562, +0.901029, +0.905577, +0.432456, +0.552555, +0.203646, +0.328177, +0.376303, +0.094250, +0.006351, +0.116273, +0.179823, +0.281027, +0.182030]
frame=118 t= 5.900s reward=-1.116287 done=0 jointpos=[+0.261800, -0.111050, +0.106183, -0.222960, +1.726228, +1.090106, +1.192457, +0.942313, +0.912679, +0.894116, +0.464521, +0.522762, +0.227517, +0.306100, +0.380158, +0.091184, +0.000154, +0.117349, +0.184856, +0.288858, +0.181448]
frame=119 t= 5.950s reward=+1.087659 done=0 jointpos=[+0.261800, -0.108073, +0.144669, -0.187331, +1.726305, +1.090968, +1.233611, +0.936600, +0.918185, +0.894166, +0.457948, +0.487695, +0.266734, +0.291685, +0.353865, +0.100896, +0.001558, +0.144787, +0.178962, +0.314787, +0.184128]
frame=120 t= 6.000s reward=+0.967355 done=0 jointpos=[+0.261800, -0.107523, +0.187013, -0.159609, +1.726320, +1.100088, +1.254039, +0.938761, +0.928750, +0.894165, +0.436824, +0.476776, +0.285800, +0.259333, +0.336552, +0.117929, +0.021781, +0.158057, +0.185826, +0.330550, +0.193581]
frame=121 t= 6.050s reward=+1.062080 done=0 jointpos=[+0.261800, -0.114636, +0.220463, -0.140191, +1.726329, +1.103084, +1.238314, +0.947933, +0.941872, +0.894156, +0.426188, +0.499408, +0.263601, +0.221495, +0.343766, +0.133307, +0.048388, +0.172333, +0.175346, +0.332239, +0.185429]
frame=122 t= 6.100s reward=+1.062986 done=0 jointpos=[+0.261800, -0.137029, +0.229028, -0.123423, +1.726321, +1.115363, +1.197111, +0.964091, +0.946633, +0.894163, +0.405494, +0.535020, +0.237997, +0.207941, +0.349594, +0.136201, +0.074973, +0.178572, +0.177247, +0.321863, +0.166002]
frame=123 t= 6.150s reward=+1.011874 done=0 jointpos=[+0.261800, -0.155391, +0.220848, -0.125211, +1.726310, +1.146923, +1.141276, +0.992195, +0.957997, +0.894141, +0.372407, +0.543977, +0.226329, +0.233236, +0.341916, +0.111385, +0.102200, +0.138926, +0.136393, +0.296227, +0.155842]
frame=124 t= 6.200s reward=+0.841344 done=0 jointpos=[+0.261734, -0.164601, +0.199658, -0.168447, +1.726304, +1.175250, +1.088245, +0.996084, +0.968466, +0.894150, +0.348571, +0.522372, +0.230853, +0.241206, +0.339021, +0.092638, +0.108116, +0.104286, +0.118981, +0.273166, +0.194939]
frame=125 t= 6.250s reward=+1.054034 done=0 jointpos=[+0.261689, -0.170893, +0.165751, -0.220152, +1.726389, +1.192018, +1.045308, +0.984728, +0.968266, +0.894195, +0.358905, +0.495671, +0.262923, +0.234475, +0.329300, +0.069981, +0.085842, +0.088284, +0.086123, +0.258975, +0.236586]
frame=126 t= 6.300s reward=+0.984630 done=0 jointpos=[+0.260248, -0.171613, +0.115163, -0.247815, +1.726869, +1.223260, +1.008396, +0.941836, +0.942552, +0.894432, +0.392368, +0.487982, +0.309315, +0.232559, +0.335243, +0.046474, +0.075450, +0.092534, +0.073901, +0.267168, +0.255515]
frame=127 t= 6.350s reward=+0.836786 done=0 jointpos=[+0.237069, -0.171613, +0.062861, -0.241381, +1.728451, +1.301996, +0.971589, +0.910906, +0.905513, +0.895217, +0.410380, +0.503008, +0.342223, +0.232559, +0.324502, +0.005125, +0.092879, +0.102467, +0.049200, +0.305239, +0.234384]
frame=128 t= 6.400s reward=+0.460227 done=0 jointpos=[+0.204586, -0.184353, +0.025679, -0.230977, +1.729139, +1.364907, +0.954060, +0.904800, +0.883732, +0.895871, +0.372303, +0.527140, +0.335402, +0.237389, +0.294529, +0.000271, +0.135912, +0.131619, +0.069937, +0.357587, +0.228429]
frame=129 t= 6.450s reward=+1.072777 done=0 jointpos=[+0.202876, -0.192684, -0.010521, -0.213544, +1.729765, +1.355504, +0.950058, +0.902896, +0.881217, +0.919385, +0.328221, +0.547768, +0.310123, +0.273508, +0.262758, +0.000271, +0.177011, +0.157559, +0.113895, +0.403249, +0.246711]
frame=130 t= 6.500s reward=+1.090634 done=0 jointpos=[+0.221338, -0.189704, -0.011954, -0.185179, +1.731045, +1.326171, +0.963734, +0.895042, +0.873078, +0.975836, +0.297623, +0.570208, +0.291510, +0.308251, +0.255104, +0.000271, +0.152808, +0.181889, +0.155120, +0.415954, +0.239674]
frame=131 t= 6.550s reward=+0.936173 done=0 jointpos=[+0.240199, -0.193517, +0.031547, -0.176314, +1.730224, +1.302814, +0.994305, +0.902269, +0.854073, +1.023766, +0.283206, +0.595226, +0.272042, +0.329575, +0.249973, +0.000316, +0.109531, +0.188420, +0.196760, +0.416522, +0.234129]
frame=132 t= 6.600s reward=+0.784843 done=0 jointpos=[+0.254142, -0.202404, +0.082470, -0.191129, +1.730162, +1.291479, +1.025264, +0.918640, +0.854566, +1.058069, +0.296629, +0.613140, +0.255810, +0.344546, +0.254100, +0.022847, +0.073273, +0.189561, +0.205878, +0.399840, +0.209062]
frame=133 t= 6.650s reward=+0.288801 done=0 jointpos=[+0.261260, -0.218055, +0.126135, -0.223614, +1.729631, +1.288923, +1.052325, +0.941101, +0.861587, +1.077890, +0.308038, +0.619343, +0.246388, +0.358515, +0.265202, +0.045617, +0.053246, +0.182500, +0.215558, +0.370441, +0.177576]
frame=134 t= 6.700s reward=+0.801577 done=0 jointpos=[+0.261800, -0.222209, +0.118573, -0.247930, +1.727166, +1.277500, +1.077934, +0.952243, +0.871629, +1.092975, +0.301973, +0.616751, +0.239368, +0.362151, +0.275678, +0.055298, +0.033841, +0.152846, +0.204566, +0.346905, +0.165511]
frame=135 t= 6.750s reward=+1.116217 done=0 jointpos=[+0.261800, -0.217221, +0.090831, -0.258753, +1.725470, +1.249297, +1.108645, +0.960567, +0.872781, +1.092573, +0.318028, +0.610032, +0.220432, +0.374191, +0.284482, +0.090006, +0.012612, +0.149386, +0.210670, +0.323624, +0.172557]
frame=136 t= 6.800s reward=+1.115250 done=0 jointpos=[+0.261800, -0.203750, +0.066445, -0.252042, +1.725271, +1.212532, +1.135024, +0.969334, +0.876733, +1.052111, +0.355274, +0.605738, +0.197944, +0.377296, +0.299712, +0.103552, -0.000000, +0.148093, +0.205598, +0.300902, +0.183835]
frame=137 t= 6.850s reward=+1.126364 done=0 jointpos=[+0.261800, -0.189553, +0.060451, -0.248470, +1.725033, +1.181874, +1.143470, +0.967705, +0.875001, +0.979735, +0.392671, +0.591093, +0.192451, +0.383905, +0.329021, +0.111138, +0.000000, +0.133925, +0.195176, +0.287776, +0.189071]
frame=138 t= 6.900s reward=-1.373896 done=0 jointpos=[+0.261706, -0.169162, +0.073439, -0.238133, +1.725992, +1.152522, +1.140797, +0.956642, +0.881534, +0.925569, +0.428527, +0.564553, +0.196919, +0.358178, +0.356521, +0.096632, +0.008964, +0.132777, +0.187823, +0.284133, +0.191793]
frame=139 t= 6.950s reward=+1.078511 done=0 jointpos=[+0.261800, -0.133236, +0.083254, -0.238158, +1.726828, +1.120301, +1.172452, +0.942781, +0.906444, +0.895218, +0.443487, +0.522649, +0.218846, +0.323404, +0.369692, +0.078065, +0.035220, +0.137317, +0.165089, +0.300290, +0.177993]
frame=140 t= 7.000s reward=+0.922259 done=0 jointpos=[+0.261800, -0.109153, +0.106744, -0.231417, +1.726137, +1.088875, +1.219198, +0.935485, +0.918030, +0.894886, +0.468146, +0.483508, +0.247483, +0.304186, +0.357461, +0.091918, +0.012506, +0.144091, +0.180701, +0.308639, +0.200065]
frame=141 t= 7.050s reward=-0.032693 done=0 jointpos=[+0.261800, -0.108640, +0.150954, -0.187136, +1.726195, +1.085370, +1.234615, +0.936739, +0.919142, +0.894883, +0.470966, +0.465846, +0.261277, +0.280393, +0.354661, +0.096563, +0.000000, +0.149515, +0.175143, +0.313611, +0.190804]
frame=142 t= 7.100s reward=-0.403173 done=0 jointpos=[+0.261800, -0.105586, +0.200165, -0.134272, +1.726152, +1.096663, +1.231863, +0.950512, +0.924729, +0.894866, +0.445541, +0.476221, +0.247753, +0.247624, +0.348483, +0.098748, +0.000000, +0.166867, +0.158832, +0.320433, +0.196356]
frame=143 t= 7.150s reward=+1.028404 done=0 jointpos=[+0.261800, -0.110504, +0.228026, -0.105738, +1.726078, +1.108816, +1.221391, +0.966430, +0.932550, +0.894823, +0.420787, +0.510143, +0.222906, +0.216565, +0.347765, +0.110225, +0.038846, +0.183452, +0.170135, +0.323930, +0.187271]
frame=144 t= 7.200s reward=+0.592106 done=0 jointpos=[+0.261800, -0.131649, +0.234651, -0.091150, +1.726028, +1.125903, +1.197546, +0.985104, +0.941704, +0.894809, +0.398666, +0.546194, +0.201807, +0.211246, +0.351620, +0.115857, +0.079934, +0.184358, +0.158408, +0.311123, +0.155987]
frame=145 t= 7.250s reward=+1.019757 done=0 jointpos=[+0.261800, -0.149963, +0.220149, -0.114244, +1.726017, +1.154840, +1.157106, +1.003215, +0.958950, +0.894787, +0.364290, +0.546620, +0.211547, +0.227428, +0.334132, +0.110604, +0.121324, +0.145789, +0.143040, +0.292802, +0.165408]
frame=146 t= 7.300s reward=+1.067204 done=0 jointpos=[+0.261800, -0.164301, +0.192348, -0.167452, +1.726023, +1.174008, +1.105672, +1.005937, +0.972848, +0.894802, +0.358736, +0.508711, +0.241792, +0.244728, +0.320211, +0.111331, +0.117204, +0.103500, +0.127269, +0.271866, +0.192550]
frame=147 t= 7.350s reward=+1.075117 done=0 jointpos=[+0.261800, -0.171431, +0.152598, -0.215811, +1.726215, +1.185951, +1.053452, +0.974696, +0.967070, +0.894900, +0.385304, +0.471677, +0.282473, +0.240479, +0.327197, +0.089511, +0.089075, +0.082270, +0.096342, +0.263719, +0.231678]
frame=148 t= 7.400s reward=-0.265634 done=0 jointpos=[+0.260150, -0.171614, +0.111474, -0.244755, +1.726480, +1.223689, +1.007849, +0.931256, +0.932021, +0.895029, +0.438227, +0.466594, +0.323976, +0.229731, +0.337763, +0.054257, +0.067934, +0.082400, +0.064166, +0.276226, +0.243027]
frame=149 t= 7.450s reward=+1.007334 done=0 jointpos=[+0.230760, -0.176144, +0.069382, -0.243034, +1.728036, +1.329536, +0.973515, +0.908677, +0.892379, +0.895843, +0.445634, +0.486427, +0.335511, +0.240085, +0.322094, +0.012855, +0.102867, +0.109101, +0.048790, +0.321198, +0.222485]
frame=150 t= 7.500s reward=+1.062806 done=0 jointpos=[+0.202053, -0.191651, +0.031492, -0.232140, +1.730191, +1.380366, +0.964002, +0.906457, +0.879124, +0.896972, +0.390133, +0.514510, +0.332105, +0.245740, +0.285446, +0.000333, +0.145062, +0.140011, +0.065436, +0.369608, +0.213213]
frame=151 t= 7.550s reward=+1.079054 done=0 jointpos=[+0.206716, -0.197357, -0.004403, -0.222682, +1.729725, +1.363199, +0.958478, +0.900674, +0.885848, +0.919547, +0.354274, +0.536288, +0.314748, +0.278653, +0.256631, +0.000333, +0.186387, +0.158291, +0.109911, +0.414656, +0.232864]
frame=152 t= 7.600s reward=+0.974018 done=0 jointpos=[+0.225956, -0.193154, -0.004930, -0.205752, +1.730581, +1.328813, +0.971342, +0.900655, +0.878523, +0.969908, +0.320302, +0.558721, +0.290863, +0.311322, +0.250094, +0.000333, +0.159273, +0.164043, +0.150736, +0.428541, +0.222744]
frame=153 t= 7.650s reward=+1.005800 done=0 jointpos=[+0.244205, -0.196824, +0.034056, -0.180138, +1.730190, +1.306454, +0.998701, +0.906693, +0.854338, +1.009915, +0.312118, +0.583543, +0.269087, +0.334905, +0.262846, +0.006621, +0.116261, +0.171148, +0.189550, +0.406767, +0.212879]
frame=154 t= 7.700s reward=+0.798700 done=0 jointpos=[+0.258727, -0.208603, +0.082449, -0.191608, +1.730231, +1.296395, +1.031263, +0.921197, +0.849414, +1.039334, +0.319303, +0.607771, +0.251268, +0.352447, +0.278764, +0.032772, +0.075389, +0.164527, +0.197679, +0.375828, +0.191778]
frame=155 t= 7.750s reward=+0.907472 done=0 jointpos=[+0.261318, -0.224279, +0.127353, -0.236571, +1.729625, +1.284983, +1.063584, +0.935586, +0.853739, +1.064308, +0.319899, +0.615967, +0.235989, +0.366141, +0.287142, +0.059007, +0.044572, +0.176306, +0.200485, +0.356410, +0.165912]
frame=156 t= 7.800s reward=+1.068472 done=0 jointpos=[+0.261800, -0.228903, +0.132179, -0.260224, +1.727763, +1.270470, +1.091622, +0.949177, +0.858378, +1.080086, +0.322453, +0.606865, +0.229135, +0.375517, +0.292742, +0.072665, +0.041875, +0.151482, +0.205721, +0.338599, +0.157519]
frame=157 t= 7.850s reward=+1.078930 done=0 jointpos=[+0.261800, -0.219130, +0.108494, -0.259609, +1.725355, +1.243386, +1.113232, +0.953710, +0.861278, +1.070067, +0.337953, +0.598779, +0.215876, +0.376486, +0.306126, +0.091148, +0.042199, +0.140845, +0.200754, +0.316259, +0.161856]
frame=158 t= 7.900s reward=+1.048458 done=0 jointpos=[+0.261800, -0.201663, +0.075073, -0.255160, +1.725806, +1.204085, +1.145967, +0.963101, +0.868041, +1.024126, +0.368613, +0.598351, +0.191731, +0.376746, +0.326507, +0.100370, +0.006023, +0.139280, +0.191452, +0.293355, +0.166184]
frame=159 t= 7.950s reward=+0.722399 done=0 jointpos=[+0.261800, -0.180269, +0.058207, -0.251721, +1.725177, +1.169357, +1.168494, +0.961823, +0.882049, +0.957451, +0.404201, +0.581084, +0.191281, +0.361276, +0.348596, +0.094745, +0.000000, +0.113656, +0.177343, +0.281866, +0.174017]
frame=160 t= 8.000s reward=+1.017205 done=0 jointpos=[+0.261800, -0.147481, +0.057641, -0.247303, +1.725905, +1.129260, +1.177392, +0.944593, +0.890768, +0.909713, +0.443883, +0.555214, +0.205873, +0.341073, +0.376201, +0.086910, +0.014449, +0.115071, +0.168186, +0.276817, +0.183574]
frame=161 t= 8.050s reward=+0.908098 done=0 jointpos=[+0.261800, -0.117567, +0.085094, -0.237587, +1.726463, +1.091835, +1.193373, +0.928977, +0.906427, +0.893541, +0.477718, +0.525136, +0.231395, +0.305001, +0.380380, +0.091067, +0.000663, +0.133478, +0.164930, +0.292930, +0.195562]
frame=162 t= 8.100s reward=+1.025169 done=0 jointpos=[+0.261800, -0.114169, +0.133797, -0.205960, +1.726432, +1.080755, +1.211439, +0.929198, +0.921289, +0.893501, +0.495350, +0.496119, +0.242738, +0.265162, +0.365978, +0.085995, +0.000732, +0.163869, +0.164788, +0.318575, +0.190495]
frame=163 t= 8.150s reward=+0.077216 done=0 jointpos=[+0.261800, -0.112143, +0.179165, -0.165698, +1.726399, +1.091351, +1.218696, +0.941130, +0.920475, +0.893489, +0.469925, +0.488915, +0.237844, +0.243301, +0.357370, +0.094354, +0.013036, +0.165839, +0.167326, +0.334144, +0.181468]
frame=164 t= 8.200s reward=+0.984639 done=0 jointpos=[+0.261800, -0.120154, +0.219197, -0.126322, +1.726346, +1.110043, +1.217961, +0.955030, +0.924266, +0.893463, +0.437151, +0.516168, +0.228257, +0.226334, +0.360060, +0.091350, +0.031627, +0.174504, +0.152405, +0.329594, +0.164213]
frame=165 t= 8.250s reward=+0.987669 done=0 jointpos=[+0.261800, -0.140051, +0.232212, -0.108800, +1.726320, +1.133519, +1.205895, +0.976202, +0.935528, +0.893431, +0.402725, +0.558468, +0.217791, +0.223352, +0.355001, +0.104300, +0.074675, +0.160976, +0.137256, +0.313235, +0.160615]
frame=166 t= 8.300s reward=+0.959364 done=0 jointpos=[+0.261800, -0.159484, +0.229878, -0.120688, +1.726310, +1.162469, +1.178109, +0.998326, +0.950207, +0.893427, +0.363410, +0.576363, +0.209054, +0.229018, +0.344209, +0.102994, +0.109252, +0.136920, +0.125632, +0.296717, +0.161186]
frame=167 t= 8.350s reward=+0.991603 done=0 jointpos=[+0.261800, -0.169385, +0.214904, -0.160054, +1.726288, +1.186932, +1.121183, +1.010291, +0.964788, +0.893437, +0.337719, +0.547616, +0.227518, +0.238796, +0.328496, +0.091356, +0.102733, +0.096041, +0.116568, +0.269969, +0.201018]
frame=168 t= 8.400s reward=+0.549779 done=0 jointpos=[+0.261345, -0.177157, +0.182907, -0.208429, +1.726496, +1.192908, +1.057451, +0.996006, +0.971425, +0.893524, +0.352008, +0.507388, +0.267333, +0.245283, +0.322102, +0.082752, +0.083874, +0.075291, +0.092338, +0.248943, +0.242928]
frame=169 t= 8.450s reward=+0.794964 done=0 jointpos=[+0.261441, -0.177965, +0.140010, -0.245689, +1.727017, +1.213065, +1.006124, +0.961517, +0.952599, +0.893773, +0.396708, +0.490546, +0.301372, +0.238109, +0.330093, +0.061023, +0.065682, +0.067362, +0.079999, +0.256325, +0.260147]
frame=170 t= 8.500s reward=+0.905883 done=0 jointpos=[+0.256140, -0.177965, +0.094885, -0.246085, +1.727968, +1.266922, +0.970345, +0.930982, +0.916257, +0.894209, +0.421390, +0.501602, +0.331476, +0.236052, +0.319248, +0.019572, +0.066338, +0.083574, +0.053097, +0.289356, +0.247144]
frame=171 t= 8.550s reward=+1.031978 done=0 jointpos=[+0.234644, -0.184098, +0.051324, -0.231936, +1.729252, +1.332171, +0.951117, +0.912808, +0.882953, +0.894825, +0.398993, +0.525538, +0.353232, +0.236052, +0.288467, +0.000213, +0.110324, +0.112665, +0.050647, +0.333015, +0.236051]
frame=172 t= 8.600s reward=+1.069014 done=0 jointpos=[+0.219231, -0.191115, +0.011239, -0.229898, +1.728550, +1.349153, +0.952903, +0.901368, +0.869470, +0.899757, +0.352668, +0.537524, +0.355166, +0.248972, +0.257887, +0.000213, +0.151829, +0.137231, +0.092702, +0.380035, +0.241377]
frame=173 t= 8.650s reward=+0.995414 done=0 jointpos=[+0.227492, -0.188091, -0.008932, -0.218397, +1.731027, +1.331735, +0.969547, +0.895166, +0.869470, +0.941683, +0.317422, +0.538511, +0.339711, +0.285943, +0.240181, +0.000213, +0.130785, +0.160109, +0.134671, +0.408795, +0.233651]
frame=174 t= 8.700s reward=+0.953932 done=0 jointpos=[+0.246377, -0.180568, +0.008443, -0.193768, +1.730574, +1.305747, +0.990335, +0.895033, +0.869470, +0.988025, +0.292495, +0.547527, +0.324847, +0.320685, +0.239350, +0.001649, +0.107372, +0.168818, +0.176290, +0.410299, +0.224158]
frame=175 t= 8.750s reward=+0.991082 done=0 jointpos=[+0.261800, -0.181367, +0.054868, -0.191648, +1.730503, +1.284726, +1.021145, +0.905232, +0.871371, +1.036427, +0.296462, +0.576585, +0.307783, +0.346576, +0.242959, +0.033249, +0.083267, +0.179100, +0.201657, +0.393395, +0.208261]
frame=176 t= 8.800s reward=+0.758254 done=0 jointpos=[+0.261628, -0.183071, +0.101155, -0.228933, +1.729248, +1.259831, +1.042107, +0.920527, +0.877397, +1.076065, +0.299386, +0.594260, +0.284487, +0.348612, +0.249345, +0.050812, +0.063591, +0.172955, +0.205450, +0.374415, +0.205359]
frame=177 t= 8.850s reward=+0.968150 done=0 jointpos=[+0.261800, -0.181514, +0.133585, -0.251001, +1.727958, +1.239638, +1.064134, +0.934279, +0.878086, +1.099695, +0.318906, +0.591168, +0.265225, +0.359893, +0.261819, +0.084201, +0.020545, +0.172787, +0.210040, +0.353760, +0.188757]
frame=178 t= 8.900s reward=+0.508642 done=0 jointpos=[+0.261800, -0.178529, +0.129592, -0.252114, +1.725057, +1.223140, +1.075085, +0.949802, +0.870317, +1.094156, +0.335996, +0.581864, +0.241986, +0.376385, +0.274364, +0.096489, +0.023245, +0.151074, +0.221056, +0.331666, +0.192741]
frame=179 t= 8.950s reward=+1.000084 done=0 jointpos=[+0.261800, -0.166572, +0.105622, -0.250426, +1.725044, +1.193866, +1.094902, +0.968213, +0.872216, +1.059594, +0.353891, +0.584059, +0.207732, +0.384150, +0.288353, +0.108705, +0.013370, +0.136387, +0.215531, +0.307622, +0.214503]
frame=180 t= 9.000s reward=+1.066526 done=0 jointpos=[+0.261800, -0.150016, +0.089461, -0.250913, +1.725144, +1.157754, +1.109622, +0.975600, +0.879400, +0.990054, +0.389763, +0.582705, +0.177992, +0.373609, +0.313675, +0.121408, +0.000000, +0.153332, +0.221179, +0.289668, +0.240800]
frame=181 t= 9.050s reward=+0.296710 done=0 jointpos=[+0.261800, -0.134330, +0.084736, -0.249349, +1.725806, +1.130517, +1.116609, +0.969647, +0.891961, +0.931888, +0.421126, +0.570087, +0.182206, +0.350801, +0.342132, +0.114008, -0.000000, +0.135847, +0.214291, +0.281001, +0.229454]
frame=182 t= 9.100s reward=+0.954337 done=0 jointpos=[+0.261800, -0.114349, +0.100333, -0.242337, +1.726565, +1.098600, +1.139156, +0.955809, +0.902360, +0.895489, +0.452165, +0.544192, +0.209604, +0.328525, +0.362080, +0.111495, -0.000000, +0.131046, +0.217450, +0.289071, +0.209784]
frame=183 t= 9.150s reward=+1.019052 done=0 jointpos=[+0.261800, -0.101936, +0.144646, -0.203192, +1.726383, +1.083688, +1.166434, +0.954474, +0.913166, +0.895397, +0.467254, +0.515766, +0.225268, +0.290434, +0.356474, +0.103173, +0.000000, +0.137213, +0.206063, +0.300880, +0.210295]
frame=184 t= 9.200s reward=+1.010655 done=0 jointpos=[+0.261800, -0.103859, +0.196789, -0.152722, +1.726398, +1.085858, +1.180208, +0.961919, +0.921336, +0.895399, +0.464615, +0.499157, +0.215619, +0.250833, +0.350101, +0.101756, -0.000000, +0.174960, +0.195838, +0.314079, +0.199750]
frame=185 t= 9.250s reward=-0.541560 done=0 jointpos=[+0.261800, -0.104394, +0.227369, -0.136000, +1.726401, +1.092910, +1.181367, +0.967294, +0.926569, +0.895380, +0.450280, +0.513687, +0.212481, +0.229025, +0.349908, +0.100913, +0.044234, +0.183693, +0.196527, +0.318969, +0.193196]
frame=186 t= 9.300s reward=+0.976880 done=0 jointpos=[+0.261800, -0.118124, +0.233527, -0.154922, +1.726342, +1.113581, +1.173885, +0.981438, +0.938811, +0.895370, +0.423662, +0.544210, +0.212114, +0.243499, +0.343561, +0.095746, +0.085706, +0.160901, +0.161974, +0.314256, +0.180140]
frame=187 t= 9.350s reward=+0.047857 done=0 jointpos=[+0.261800, -0.136881, +0.226487, -0.172095, +1.726340, +1.136948, +1.145794, +0.997900, +0.956896, +0.895355, +0.393420, +0.557624, +0.213325, +0.240975, +0.332870, +0.098680, +0.106961, +0.130585, +0.157104, +0.296212, +0.194920]
frame=188 t= 9.400s reward=+0.958823 done=0 jointpos=[+0.261753, -0.156715, +0.205667, -0.189912, +1.726344, +1.159868, +1.093070, +1.005991, +0.973536, +0.895358, +0.373252, +0.542146, +0.225417, +0.237867, +0.323768, +0.096941, +0.092888, +0.101439, +0.129787, +0.276867, +0.206836]
frame=189 t= 9.450s reward=+0.958477 done=0 jointpos=[+0.261552, -0.169338, +0.166613, -0.219196, +1.726595, +1.174524, +1.037244, +0.988759, +0.972859, +0.895508, +0.389472, +0.519009, +0.253794, +0.237867, +0.326113, +0.089922, +0.072385, +0.085352, +0.120033, +0.263937, +0.231236]
frame=190 t= 9.500s reward=+0.913271 done=0 jointpos=[+0.260610, -0.178621, +0.122728, -0.243486, +1.727885, +1.205953, +0.993030, +0.961191, +0.948192, +0.896199, +0.405905, +0.509384, +0.282136, +0.237867, +0.326255, +0.056791, +0.070547, +0.087269, +0.087337, +0.271829, +0.242036]
frame=191 t= 9.550s reward=+0.876013 done=0 jointpos=[+0.251634, -0.179838, +0.077551, -0.241874, +1.729321, +1.252675, +0.966027, +0.938309, +0.912716, +0.896972, +0.388569, +0.520192, +0.312337, +0.237867, +0.303630, +0.015432, +0.097866, +0.100566, +0.076336, +0.301267, +0.244721]
frame=192 t= 9.600s reward=+1.013608 done=0 jointpos=[+0.237599, -0.179838, +0.033590, -0.232676, +1.730296, +1.305226, +0.963785, +0.916800, +0.875123, +0.897490, +0.366916, +0.541415, +0.332268, +0.246564, +0.279633, +0.000122, +0.116301, +0.122420, +0.071722, +0.343503, +0.249495]
frame=193 t= 9.650s reward=+1.052426 done=0 jointpos=[+0.240574, -0.188451, +0.002389, -0.231850, +1.730447, +1.313500, +0.977492, +0.900916, +0.853457, +0.916486, +0.334462, +0.545387, +0.341305, +0.274958, +0.250473, +0.000146, +0.138274, +0.158276, +0.110853, +0.385814, +0.241397]
frame=194 t= 9.700s reward=+1.042182 done=0 jointpos=[+0.261531, -0.178346, -0.006788, -0.231850, +1.730819, +1.290902, +1.008058, +0.893234, +0.851949, +0.969478, +0.309783, +0.547477, +0.342373, +0.290887, +0.237849, +0.000146, +0.103735, +0.151986, +0.136345, +0.399261, +0.238847]
frame=195 t= 9.750s reward=+0.907787 done=0 jointpos=[+0.261800, -0.171867, +0.025048, -0.213009, +1.730704, +1.258025, +1.036523, +0.883318, +0.863033, +1.022133, +0.302732, +0.549540, +0.343352, +0.317318, +0.241705, +0.017989, +0.072817, +0.170543, +0.170448, +0.394944, +0.221042]
frame=196 t= 9.800s reward=-1.370179 done=0 jointpos=[+0.261800, -0.168718, +0.073930, -0.217415, +1.730018, +1.234219, +1.059473, +0.888656, +0.880652, +1.058421, +0.316702, +0.555196, +0.337196, +0.345677, +0.246457, +0.052939, +0.061469, +0.172078, +0.190334, +0.390370, +0.191201]
frame=197 t= 9.850s reward=+0.942894 done=0 jointpos=[+0.261800, -0.167084, +0.093627, -0.246164, +1.729249, +1.222554, +1.082325, +0.904974, +0.870797, +1.093095, +0.306317, +0.552483, +0.319331, +0.378051, +0.247657, +0.075410, +0.063940, +0.158108, +0.213763, +0.384275, +0.166608]
frame=198 t= 9.900s reward=+0.012961 done=0 jointpos=[+0.261800, -0.159050, +0.093432, -0.251470, +1.725873, +1.205515, +1.096319, +0.923288, +0.868017, +1.095213, +0.320371, +0.543901, +0.288438, +0.395707, +0.258668, +0.111789, +0.044311, +0.144832, +0.207730, +0.365379, +0.166898]
frame=199 t= 9.950s reward=+1.002332 done=0 jointpos=[+0.261800, -0.148469, +0.086510, -0.248552, +1.725687, +1.173727, +1.102710, +0.950103, +0.871003, +1.064924, +0.358494, +0.551757, +0.239217, +0.393892, +0.279637, +0.137677, +0.010739, +0.136847, +0.215024, +0.332840, +0.189147]
