# task=cylinder
# algo=PPO
# checkpoint=/home/tan/hora/BrainCo/outputs/revo3_right/run_cylinder_v2_continue/stage1_nn/last.pth
# policy_dt_sec=0.050000
# policy_hz=20.000000
# action_semantics=delta
# action_formula=target=prev_target+(1/24)*raw_action then clamp(joint_limits)
# raw_action_definition=policy clamped delta output mu (pre delta-integration, [-1,1])
# target_definition=cur_targets (delta-accumulated + joint-limit clamped, used in PD formula)
# jointpos_definition=hand.data.joint_pos (absolute joint angles, rad)
# joint_order=0:right_index_MPR_joint, 1:right_little_MPR_joint, 2:right_middle_MPR_joint, 3:right_ring_MPR_joint, 4:right_thumb_CMP_joint, 5:right_index_MCP_joint, 6:right_little_MCP_joint, 7:right_middle_MCP_joint, 8:right_ring_MCP_joint, 9:right_thumb_CMR_joint, 10:right_index_PIP_joint, 11:right_little_PIP_joint, 12:right_middle_PIP_joint, 13:right_ring_PIP_joint, 14:right_thumb_MCP_joint, 15:right_index_DIP_joint, 16:right_little_DIP_joint, 17:right_middle_DIP_joint, 18:right_ring_DIP_joint, 19:right_thumb_PIP_joint, 20:right_thumb_DIP_joint

frame=000 t= 0.000s reward=-13.107315 done=0 target=[+0.150096, -0.172366, -0.038267, -0.235620, +1.683434, +1.294388, +1.263463, +1.069759, +0.894760, +1.103502, +0.372155, +0.360376, +0.199050, +0.333219, +0.422784, +0.097280, +0.151392, +0.184784, +0.169889, +0.313774, +0.177427]
frame=001 t= 0.050s reward=-0.726241 done=0 target=[+0.108429, -0.167993, -0.075343, -0.235620, +1.718377, +1.292203, +1.226319, +1.111425, +0.936154, +1.071032, +0.382878, +0.352029, +0.240717, +0.374885, +0.462250, +0.058326, +0.140690, +0.200706, +0.188492, +0.355441, +0.195944]
frame=002 t= 0.100s reward=-0.757776 done=0 target=[+0.150096, -0.126327, -0.072994, -0.235620, +1.727910, +1.281910, +1.234870, +1.089040, +0.977821, +1.047655, +0.393062, +0.366270, +0.282384, +0.416552, +0.447802, +0.029419, +0.111158, +0.181948, +0.146825, +0.397107, +0.178041]
frame=003 t= 0.150s reward=-0.815961 done=0 target=[+0.191762, -0.084660, -0.038758, -0.235620, +1.727910, +1.316608, +1.256881, +1.047374, +1.012908, +1.031103, +0.434729, +0.370889, +0.324050, +0.453623, +0.413843, +0.058374, +0.089404, +0.197647, +0.106362, +0.419274, +0.172536]
frame=004 t= 0.200s reward=-1.836283 done=0 target=[+0.214595, -0.042993, -0.016050, -0.235620, +1.727910, +1.295427, +1.288373, +1.050800, +1.021115, +0.998035, +0.475934, +0.386854, +0.365717, +0.411957, +0.425021, +0.099087, +0.116950, +0.159550, +0.098455, +0.414521, +0.130869]
frame=005 t= 0.250s reward=+0.687140 done=0 target=[+0.222636, -0.001327, -0.023359, -0.235620, +1.727910, +1.258646, +1.319484, +1.044385, +1.043401, +0.956369, +0.484816, +0.390289, +0.383260, +0.384953, +0.451937, +0.101320, +0.129396, +0.122331, +0.089846, +0.404255, +0.125629]
frame=006 t= 0.300s reward=+0.555174 done=0 target=[+0.222194, +0.040340, +0.018308, -0.235620, +1.727910, +1.255369, +1.305777, +1.059910, +1.060752, +0.914702, +0.526483, +0.368428, +0.397493, +0.378612, +0.474652, +0.118874, +0.088543, +0.131233, +0.075708, +0.396277, +0.159498]
frame=007 t= 0.350s reward=+0.354349 done=0 target=[+0.235620, +0.082007, +0.059975, -0.235620, +1.727910, +1.240705, +1.309801, +1.042399, +1.062614, +0.873035, +0.558624, +0.333402, +0.416829, +0.344279, +0.479192, +0.117635, +0.046877, +0.126832, +0.070029, +0.400344, +0.179837]
frame=008 t= 0.400s reward=-1.251318 done=0 target=[+0.235620, +0.051280, +0.101641, -0.193953, +1.727910, +1.252297, +1.330279, +1.046613, +1.064199, +0.831369, +0.574508, +0.314184, +0.445533, +0.315598, +0.471668, +0.106458, +0.005931, +0.168499, +0.083359, +0.417344, +0.182822]
frame=009 t= 0.450s reward=+0.116149 done=0 target=[+0.235620, +0.009614, +0.143308, -0.152287, +1.727910, +1.290645, +1.334175, +1.074400, +1.083667, +0.789702, +0.539920, +0.334013, +0.479046, +0.299897, +0.456810, +0.098101, +0.000000, +0.206728, +0.083895, +0.425945, +0.163380]
frame=010 t= 0.500s reward=+0.896002 done=0 target=[+0.235620, -0.032053, +0.184975, -0.110620, +1.727910, +1.323985, +1.319025, +1.116067, +1.096210, +0.750414, +0.504858, +0.375680, +0.509512, +0.280619, +0.476711, +0.115252, +0.000000, +0.215850, +0.102580, +0.443634, +0.151870]
frame=011 t= 0.550s reward=+0.829513 done=0 target=[+0.235620, -0.073720, +0.226642, -0.068953, +1.727910, +1.335150, +1.277359, +1.157734, +1.091289, +0.715370, +0.472821, +0.417347, +0.496240, +0.238952, +0.496010, +0.138550, +0.000000, +0.241381, +0.104582, +0.437410, +0.135263]
frame=012 t= 0.600s reward=+0.810567 done=0 target=[+0.235620, -0.115386, +0.235620, -0.040205, +1.727910, +1.335150, +1.235692, +1.195260, +1.078734, +0.684276, +0.439896, +0.440546, +0.457058, +0.250549, +0.502368, +0.154730, +0.041165, +0.226179, +0.114833, +0.435717, +0.120334]
frame=013 t= 0.650s reward=+0.794536 done=0 target=[+0.235620, -0.122759, +0.226560, -0.043222, +1.727910, +1.335150, +1.194026, +1.216066, +1.037068, +0.691190, +0.418433, +0.428394, +0.416551, +0.235947, +0.501106, +0.153046, +0.082832, +0.189758, +0.116846, +0.413615, +0.117666]
frame=014 t= 0.700s reward=+0.231679 done=0 target=[+0.227756, -0.133006, +0.184893, -0.084889, +1.727910, +1.335150, +1.159137, +1.233574, +0.995401, +0.730786, +0.411370, +0.396427, +0.393469, +0.256231, +0.490145, +0.146506, +0.117084, +0.148092, +0.112625, +0.391336, +0.135427]
frame=015 t= 0.750s reward=+0.459586 done=0 target=[+0.232470, -0.130471, +0.143226, -0.126555, +1.727910, +1.335150, +1.130246, +1.217738, +0.953734, +0.772452, +0.419817, +0.390471, +0.408305, +0.248671, +0.485178, +0.124464, +0.105846, +0.106425, +0.091991, +0.367720, +0.177094]
frame=016 t= 0.800s reward=+1.056168 done=0 target=[+0.235620, -0.115487, +0.101559, -0.168222, +1.727910, +1.335150, +1.088579, +1.198168, +0.912068, +0.814119, +0.441729, +0.408157, +0.431551, +0.231071, +0.484262, +0.084934, +0.083921, +0.074340, +0.066511, +0.349175, +0.209646]
frame=017 t= 0.850s reward=-0.306753 done=0 target=[+0.233367, -0.114245, +0.059893, -0.209889, +1.727910, +1.335150, +1.046913, +1.183930, +0.899443, +0.855786, +0.470417, +0.431136, +0.450670, +0.228254, +0.474882, +0.059044, +0.073889, +0.064692, +0.047515, +0.347008, +0.213103]
frame=018 t= 0.900s reward=+1.001766 done=0 target=[+0.207062, -0.133329, +0.018226, -0.235620, +1.727910, +1.335150, +1.005246, +1.144578, +0.921749, +0.897452, +0.454460, +0.451985, +0.452936, +0.221688, +0.439508, +0.017377, +0.090240, +0.069064, +0.018012, +0.376969, +0.190552]
frame=019 t= 0.950s reward=+1.065657 done=0 target=[+0.220741, -0.159413, -0.023441, -0.235620, +1.727910, +1.335150, +0.986215, +1.102912, +0.904106, +0.939119, +0.433636, +0.480661, +0.434608, +0.206162, +0.416477, +0.000000, +0.110807, +0.092580, +0.000000, +0.416106, +0.175977]
frame=020 t= 1.000s reward=+1.067738 done=0 target=[+0.211098, -0.165602, -0.065107, -0.235620, +1.727910, +1.335150, +1.020695, +1.061245, +0.907289, +0.974007, +0.391970, +0.501338, +0.412648, +0.231949, +0.389995, +0.000000, +0.148101, +0.134246, +0.032510, +0.457772, +0.168272]
frame=021 t= 1.050s reward=+1.078388 done=0 target=[+0.186472, -0.131393, -0.063168, -0.196884, +1.727910, +1.323492, +1.062362, +1.019579, +0.903708, +1.012856, +0.350303, +0.533142, +0.379238, +0.273616, +0.349182, +0.000000, +0.139342, +0.153784, +0.074176, +0.476566, +0.173835]
frame=022 t= 1.100s reward=-1.487924 done=0 target=[+0.166968, -0.133499, -0.021501, -0.158153, +1.727910, +1.323228, +1.104029, +1.024366, +0.884319, +1.053168, +0.308636, +0.572202, +0.367012, +0.315283, +0.345011, +0.000000, +0.113440, +0.166502, +0.115843, +0.455059, +0.178160]
frame=023 t= 1.150s reward=-1.131885 done=0 target=[+0.154141, -0.175166, +0.020165, -0.174335, +1.727910, +1.281561, +1.145695, +1.049913, +0.907963, +1.094834, +0.266970, +0.612637, +0.349253, +0.345373, +0.367529, +0.021658, +0.112752, +0.148542, +0.157510, +0.413393, +0.143524]
frame=024 t= 1.200s reward=+0.202211 done=0 target=[+0.160854, -0.164247, +0.055484, -0.193559, +1.727910, +1.306508, +1.187362, +1.037438, +0.949629, +1.136501, +0.256988, +0.619565, +0.330249, +0.387040, +0.357751, +0.044028, +0.071086, +0.172090, +0.195927, +0.391723, +0.143337]
frame=025 t= 1.250s reward=+1.121094 done=0 target=[+0.171136, -0.132583, +0.097151, -0.200160, +1.727910, +1.335150, +1.229028, +1.045771, +0.976502, +1.120878, +0.298655, +0.601754, +0.332411, +0.379841, +0.364958, +0.085695, +0.034777, +0.183041, +0.189683, +0.389131, +0.135632]
frame=026 t= 1.300s reward=+0.687941 done=0 target=[+0.169420, -0.101622, +0.108391, -0.235620, +1.727910, +1.335150, +1.260260, +1.076344, +0.994497, +1.080927, +0.340321, +0.580751, +0.338506, +0.388087, +0.389453, +0.107037, +0.026238, +0.163953, +0.186485, +0.380853, +0.122173]
frame=027 t= 1.350s reward=+1.071720 done=0 target=[+0.168903, -0.059956, +0.066724, -0.235620, +1.727910, +1.310905, +1.287721, +1.108598, +1.010895, +1.039261, +0.366422, +0.564893, +0.329306, +0.388833, +0.428824, +0.087165, +0.046616, +0.122287, +0.179186, +0.383045, +0.131244]
frame=028 t= 1.400s reward=+1.105098 done=0 target=[+0.199429, -0.018439, +0.049042, -0.235620, +1.727910, +1.320643, +1.277640, +1.093430, +1.013523, +0.997594, +0.408089, +0.533958, +0.317855, +0.387930, +0.466199, +0.081265, +0.025970, +0.114740, +0.159093, +0.402058, +0.168238]
frame=029 t= 1.450s reward=-0.089272 done=0 target=[+0.204678, +0.014552, +0.079518, -0.235620, +1.727910, +1.291866, +1.262942, +1.121394, +1.008986, +0.955927, +0.449755, +0.518340, +0.348458, +0.346264, +0.490360, +0.090249, +0.013377, +0.126116, +0.151903, +0.394220, +0.194311]
frame=030 t= 1.500s reward=+1.020656 done=0 target=[+0.227299, +0.036173, +0.115243, -0.235164, +1.727910, +1.250199, +1.294583, +1.122163, +1.014646, +0.914261, +0.491422, +0.480150, +0.381806, +0.330521, +0.504060, +0.082909, +0.018519, +0.119809, +0.147523, +0.389241, +0.192339]
frame=031 t= 1.550s reward=+1.042269 done=0 target=[+0.235620, +0.015122, +0.156910, -0.196599, +1.727910, +1.258577, +1.315137, +1.093594, +1.035609, +0.872594, +0.518608, +0.438484, +0.392007, +0.296106, +0.483503, +0.063051, +0.013931, +0.132116, +0.132947, +0.403377, +0.183018]
frame=032 t= 1.600s reward=+1.061266 done=0 target=[+0.235620, -0.026544, +0.198576, -0.154932, +1.727910, +1.300243, +1.305250, +1.125403, +1.052404, +0.830927, +0.513597, +0.454301, +0.406490, +0.258304, +0.475474, +0.058906, +0.000000, +0.169755, +0.143434, +0.445044, +0.175769]
frame=033 t= 1.650s reward=+0.689728 done=0 target=[+0.235620, -0.068211, +0.235620, -0.113265, +1.727910, +1.335150, +1.274984, +1.167070, +1.093892, +0.789261, +0.477753, +0.495968, +0.448157, +0.248697, +0.480221, +0.079793, +0.004348, +0.186834, +0.157260, +0.446795, +0.160254]
frame=034 t= 1.700s reward=+0.958321 done=0 target=[+0.235620, -0.109878, +0.235620, -0.086490, +1.727910, +1.335150, +1.233317, +1.199441, +1.102527, +0.747594, +0.448771, +0.537634, +0.433014, +0.233262, +0.481158, +0.103373, +0.041560, +0.192449, +0.153743, +0.441322, +0.143525]
frame=035 t= 1.750s reward=+1.032368 done=0 target=[+0.235620, -0.149964, +0.235620, -0.075251, +1.727910, +1.335150, +1.191651, +1.220582, +1.069297, +0.718053, +0.413130, +0.544307, +0.412391, +0.241842, +0.476305, +0.114408, +0.083227, +0.160503, +0.135627, +0.409014, +0.137632]
frame=036 t= 1.800s reward=+0.613633 done=0 target=[+0.234780, -0.158157, +0.205574, -0.099990, +1.727910, +1.335150, +1.149984, +1.235195, +1.027630, +0.722885, +0.379490, +0.524457, +0.386239, +0.227748, +0.484820, +0.110453, +0.106422, +0.118836, +0.113414, +0.373681, +0.146467]
frame=037 t= 1.850s reward=+1.058620 done=0 target=[+0.211839, -0.176829, +0.163908, -0.141656, +1.727910, +1.335150, +1.108317, +1.247579, +0.985964, +0.764552, +0.378487, +0.491993, +0.404337, +0.231738, +0.465878, +0.111768, +0.092628, +0.084895, +0.094599, +0.342608, +0.175918]
frame=038 t= 1.900s reward=+1.091998 done=0 target=[+0.214442, -0.173294, +0.122241, -0.183323, +1.727910, +1.335150, +1.066651, +1.214609, +0.944297, +0.806219, +0.401823, +0.493182, +0.424875, +0.221723, +0.472054, +0.086411, +0.067571, +0.055504, +0.077097, +0.353687, +0.217584]
frame=039 t= 1.950s reward=+1.027021 done=0 target=[+0.224840, -0.158126, +0.080574, -0.224990, +1.727910, +1.335150, +1.024984, +1.174445, +0.911129, +0.847885, +0.430202, +0.504519, +0.439004, +0.222898, +0.466268, +0.044744, +0.048700, +0.055452, +0.052751, +0.369655, +0.258461]
frame=040 t= 2.000s reward=+0.520004 done=0 target=[+0.213021, -0.155533, +0.038908, -0.235620, +1.727910, +1.335150, +0.983317, +1.140166, +0.898847, +0.889552, +0.441893, +0.521300, +0.456755, +0.216036, +0.436445, +0.009388, +0.060928, +0.083268, +0.024315, +0.391962, +0.232180]
frame=041 t= 2.050s reward=+0.371133 done=0 target=[+0.221920, -0.166359, -0.002759, -0.235620, +1.727910, +1.335150, +0.968452, +1.098499, +0.888254, +0.931219, +0.423186, +0.536213, +0.460230, +0.203317, +0.403113, +0.000000, +0.086950, +0.108340, +0.020225, +0.433629, +0.208561]
frame=042 t= 2.100s reward=+1.106967 done=0 target=[+0.186825, -0.156734, -0.044426, -0.235620, +1.727910, +1.335150, +1.010118, +1.056833, +0.911180, +0.972885, +0.381519, +0.551280, +0.448144, +0.242548, +0.361446, +0.000000, +0.128617, +0.143209, +0.055424, +0.475295, +0.191302]
frame=043 t= 2.150s reward=+1.113926 done=0 target=[+0.174739, -0.137795, -0.042461, -0.206186, +1.727910, +1.322718, +1.051785, +1.015166, +0.892256, +1.012750, +0.339852, +0.571313, +0.424214, +0.281559, +0.331932, +0.000000, +0.132153, +0.148923, +0.097091, +0.486633, +0.192705]
frame=044 t= 2.200s reward=+1.127883 done=0 target=[+0.165858, -0.151067, -0.000794, -0.176039, +1.727910, +1.332817, +1.093452, +1.014727, +0.886241, +1.053435, +0.303111, +0.600083, +0.408644, +0.323226, +0.326231, +0.000000, +0.108955, +0.171845, +0.138758, +0.454034, +0.178405]
frame=045 t= 2.250s reward=+1.117547 done=0 target=[+0.165325, -0.161413, +0.040873, -0.183454, +1.727910, +1.335150, +1.135118, +1.040647, +0.913501, +1.095102, +0.293344, +0.629475, +0.385821, +0.353547, +0.329347, +0.023822, +0.089719, +0.176925, +0.180424, +0.430268, +0.178278]
frame=046 t= 2.300s reward=+0.905718 done=0 target=[+0.186938, -0.162415, +0.082539, -0.203890, +1.727910, +1.332883, +1.176785, +1.052178, +0.939032, +1.121232, +0.298670, +0.648612, +0.364503, +0.369199, +0.338264, +0.050915, +0.066186, +0.161338, +0.185484, +0.403720, +0.173006]
frame=047 t= 2.350s reward=+1.127060 done=0 target=[+0.184792, -0.143371, +0.124206, -0.219423, +1.727910, +1.335150, +1.218451, +1.056692, +0.959104, +1.105620, +0.319744, +0.642526, +0.356895, +0.373606, +0.353792, +0.074530, +0.036618, +0.189463, +0.180531, +0.389123, +0.158708]
frame=048 t= 2.400s reward=+0.403627 done=0 target=[+0.182470, -0.111928, +0.111804, -0.235620, +1.727910, +1.332382, +1.260118, +1.059888, +0.982598, +1.080084, +0.329747, +0.616674, +0.336996, +0.386559, +0.360508, +0.092522, +0.024425, +0.165886, +0.190938, +0.393533, +0.164914]
frame=049 t= 2.450s reward=+1.134645 done=0 target=[+0.170040, -0.070261, +0.070138, -0.235620, +1.727910, +1.311448, +1.301785, +1.072843, +0.994913, +1.038417, +0.335001, +0.595231, +0.324582, +0.400824, +0.377811, +0.100778, +0.021405, +0.155646, +0.201338, +0.385972, +0.171562]
frame=050 t= 2.500s reward=+0.773258 done=0 target=[+0.186507, -0.038153, +0.065438, -0.235620, +1.727910, +1.318402, +1.287036, +1.097045, +0.978847, +0.996751, +0.376667, +0.580562, +0.322380, +0.396929, +0.413005, +0.117125, +0.004841, +0.160440, +0.197877, +0.391897, +0.197819]
frame=051 t= 2.550s reward=+1.142761 done=0 target=[+0.177314, -0.000854, +0.051750, -0.235620, +1.727910, +1.276735, +1.293552, +1.117405, +0.988750, +0.955084, +0.408408, +0.549591, +0.334786, +0.374819, +0.440584, +0.115155, +0.002501, +0.131240, +0.186997, +0.371987, +0.201736]
frame=052 t= 2.600s reward=+1.087737 done=0 target=[+0.206550, +0.027801, +0.081009, -0.235620, +1.727910, +1.241533, +1.302733, +1.117024, +0.986950, +0.913417, +0.450075, +0.514921, +0.343917, +0.341966, +0.470714, +0.100300, +0.007714, +0.131281, +0.179075, +0.384026, +0.209230]
frame=053 t= 2.650s reward=+1.106531 done=0 target=[+0.235620, +0.019160, +0.122676, -0.205376, +1.727910, +1.269380, +1.314172, +1.093419, +0.997543, +0.871751, +0.491741, +0.473254, +0.347422, +0.312525, +0.450694, +0.103303, +0.000000, +0.160874, +0.183092, +0.405637, +0.210599]
frame=054 t= 2.700s reward=+1.064818 done=0 target=[+0.235620, -0.022507, +0.164343, -0.163710, +1.727910, +1.286223, +1.331852, +1.105793, +1.008853, +0.830084, +0.502896, +0.449614, +0.377319, +0.290474, +0.444217, +0.105451, +0.000000, +0.171115, +0.187682, +0.428484, +0.209461]
frame=055 t= 2.750s reward=+1.052096 done=0 target=[+0.235620, -0.064173, +0.206009, -0.127831, +1.727910, +1.327890, +1.290185, +1.135064, +1.050520, +0.790578, +0.486317, +0.481816, +0.392490, +0.267371, +0.454055, +0.106383, +0.008104, +0.197633, +0.186210, +0.423588, +0.194978]
frame=056 t= 2.800s reward=+1.084393 done=0 target=[+0.235620, -0.105840, +0.235620, -0.099103, +1.727910, +1.335150, +1.248518, +1.175813, +1.085828, +0.749552, +0.454823, +0.523483, +0.390580, +0.244543, +0.465792, +0.114085, +0.039246, +0.211383, +0.180125, +0.422320, +0.171566]
frame=057 t= 2.850s reward=+1.080752 done=0 target=[+0.235620, -0.124696, +0.235620, -0.099803, +1.727910, +1.335150, +1.206852, +1.189939, +1.066956, +0.723088, +0.435500, +0.526770, +0.384939, +0.242514, +0.476566, +0.125025, +0.080913, +0.197930, +0.175937, +0.388445, +0.148455]
frame=058 t= 2.900s reward=+1.082740 done=0 target=[+0.235620, -0.140447, +0.220858, -0.112903, +1.727910, +1.335150, +1.165185, +1.216756, +1.034907, +0.723051, +0.418652, +0.501472, +0.383028, +0.260226, +0.467611, +0.136132, +0.093722, +0.156263, +0.150120, +0.357617, +0.143417]
frame=059 t= 2.950s reward=+1.039033 done=0 target=[+0.228994, -0.155303, +0.179192, -0.140578, +1.727910, +1.335150, +1.128428, +1.229717, +0.993241, +0.754657, +0.411332, +0.473230, +0.386600, +0.263251, +0.467522, +0.137815, +0.092553, +0.114596, +0.137518, +0.342710, +0.174098]
frame=060 t= 3.000s reward=+1.043868 done=0 target=[+0.221183, -0.149961, +0.137525, -0.182244, +1.727910, +1.335150, +1.092111, +1.218633, +0.951574, +0.795144, +0.422019, +0.478952, +0.399916, +0.234389, +0.479289, +0.114509, +0.087387, +0.086385, +0.119111, +0.345442, +0.214486]
frame=061 t= 3.050s reward=+1.094461 done=0 target=[+0.218439, -0.148547, +0.095858, -0.223911, +1.727910, +1.335150, +1.050445, +1.205121, +0.912453, +0.836811, +0.443278, +0.480696, +0.437475, +0.230067, +0.468998, +0.084251, +0.068508, +0.085230, +0.086928, +0.336356, +0.224199]
frame=062 t= 3.100s reward=+0.305994 done=0 target=[+0.225335, -0.147996, +0.054192, -0.235620, +1.727910, +1.335150, +1.008778, +1.163454, +0.889821, +0.878477, +0.459374, +0.493728, +0.457710, +0.222012, +0.455372, +0.042585, +0.064973, +0.083429, +0.050751, +0.356121, +0.222035]
frame=063 t= 3.150s reward=+0.781562 done=0 target=[+0.204248, -0.164991, +0.012525, -0.235620, +1.727910, +1.335150, +0.976659, +1.121788, +0.909149, +0.920144, +0.428924, +0.503852, +0.454570, +0.228031, +0.414956, +0.000918, +0.103132, +0.106107, +0.025882, +0.397788, +0.204852]
frame=064 t= 3.200s reward=+1.103055 done=0 target=[+0.185915, -0.160964, -0.029142, -0.235620, +1.727910, +1.328944, +0.999444, +1.080121, +0.923515, +0.961811, +0.387257, +0.528056, +0.444604, +0.236621, +0.373289, +0.000000, +0.144798, +0.144365, +0.046276, +0.439455, +0.203468]
frame=065 t= 3.250s reward=+0.950602 done=0 target=[+0.187015, -0.131045, -0.043757, -0.215093, +1.727910, +1.323675, +1.041110, +1.038455, +0.896434, +0.999842, +0.345590, +0.555932, +0.410589, +0.275203, +0.341015, +0.000000, +0.160342, +0.146295, +0.087942, +0.481121, +0.225591]
frame=066 t= 3.300s reward=+1.125818 done=0 target=[+0.175721, -0.157094, -0.002091, -0.173426, +1.727910, +1.318313, +1.082777, +1.037869, +0.863342, +1.041509, +0.309896, +0.590798, +0.408653, +0.314861, +0.353521, +0.004209, +0.118675, +0.155394, +0.129609, +0.439455, +0.206861]
frame=067 t= 3.350s reward=+1.028885 done=0 target=[+0.173895, -0.175458, +0.039576, -0.183922, +1.727910, +1.327932, +1.124444, +1.047497, +0.905009, +1.083176, +0.300868, +0.617558, +0.386386, +0.351298, +0.349146, +0.026307, +0.082452, +0.165850, +0.171276, +0.417013, +0.179154]
frame=068 t= 3.400s reward=+0.978710 done=0 target=[+0.181054, -0.185375, +0.081243, -0.208074, +1.727910, +1.323689, +1.166110, +1.069928, +0.946675, +1.105397, +0.298430, +0.642243, +0.370377, +0.359799, +0.365379, +0.061676, +0.071391, +0.167127, +0.174803, +0.384197, +0.152764]
frame=069 t= 3.450s reward=+1.008330 done=0 target=[+0.182977, -0.156938, +0.110585, -0.228865, +1.727910, +1.330333, +1.207777, +1.076060, +0.974149, +1.110771, +0.292359, +0.650279, +0.369224, +0.370090, +0.367436, +0.069083, +0.058350, +0.176521, +0.183066, +0.375952, +0.156315]
frame=070 t= 3.500s reward=-1.714792 done=0 target=[+0.188567, -0.122092, +0.126689, -0.235620, +1.727910, +1.335150, +1.249443, +1.085080, +0.976759, +1.069104, +0.320981, +0.640164, +0.356358, +0.376462, +0.378106, +0.074457, +0.047629, +0.187558, +0.171375, +0.379913, +0.151276]
frame=071 t= 3.550s reward=+1.149122 done=0 target=[+0.161206, -0.088558, +0.085022, -0.235620, +1.727910, +1.293483, +1.291110, +1.095919, +0.988102, +1.053683, +0.304284, +0.617774, +0.351173, +0.410930, +0.382251, +0.085768, +0.053117, +0.155825, +0.190162, +0.360537, +0.165423]
frame=072 t= 3.600s reward=+1.137838 done=0 target=[+0.187289, -0.057961, +0.052850, -0.235620, +1.727910, +1.301326, +1.305696, +1.093560, +0.975416, +1.012016, +0.345951, +0.589003, +0.338083, +0.413321, +0.413634, +0.109027, +0.011451, +0.133643, +0.195902, +0.357391, +0.172545]
frame=073 t= 3.650s reward=+1.153377 done=0 target=[+0.185730, -0.037186, +0.072146, -0.235620, +1.727910, +1.294836, +1.284524, +1.135226, +0.986593, +0.970350, +0.387618, +0.568180, +0.343350, +0.410721, +0.448604, +0.141394, +0.000000, +0.145790, +0.198849, +0.353506, +0.190484]
frame=074 t= 3.700s reward=+0.999990 done=0 target=[+0.212306, -0.001986, +0.094896, -0.235620, +1.727910, +1.253169, +1.294726, +1.148557, +0.988765, +0.928683, +0.429284, +0.537983, +0.345282, +0.374364, +0.474648, +0.137633, +0.000000, +0.119043, +0.197898, +0.365435, +0.202642]
frame=075 t= 3.750s reward=+1.058733 done=0 target=[+0.232660, +0.013105, +0.133929, -0.207815, +1.727910, +1.211503, +1.311395, +1.174978, +0.986964, +0.887016, +0.459199, +0.506927, +0.354367, +0.338828, +0.505973, +0.102729, +0.000000, +0.117246, +0.193422, +0.382967, +0.207334]
frame=076 t= 3.800s reward=+1.026086 done=0 target=[+0.235620, -0.028562, +0.175596, -0.166149, +1.727910, +1.253169, +1.315903, +1.183777, +0.981729, +0.845350, +0.482470, +0.502507, +0.378954, +0.297161, +0.493530, +0.087183, +0.000000, +0.141860, +0.191583, +0.413454, +0.192981]
frame=077 t= 3.850s reward=+0.815544 done=0 target=[+0.235620, -0.070229, +0.217262, -0.124482, +1.727910, +1.294836, +1.292118, +1.176564, +1.023396, +0.803683, +0.470059, +0.510915, +0.406854, +0.270423, +0.487517, +0.093061, +0.000000, +0.153331, +0.187949, +0.446092, +0.186212]
frame=078 t= 3.900s reward=+1.075376 done=0 target=[+0.235620, -0.111895, +0.235620, -0.100090, +1.727910, +1.335150, +1.250452, +1.175609, +1.065063, +0.768348, +0.450280, +0.532658, +0.415721, +0.240635, +0.488257, +0.107288, +0.030667, +0.180426, +0.177981, +0.436557, +0.164678]
frame=079 t= 3.950s reward=+0.829906 done=0 target=[+0.233232, -0.153562, +0.235620, -0.102154, +1.727910, +1.335150, +1.208785, +1.204930, +1.068594, +0.742334, +0.416620, +0.545458, +0.422197, +0.235393, +0.492874, +0.121243, +0.071536, +0.160918, +0.172168, +0.430372, +0.162519]
frame=080 t= 4.000s reward=+0.448764 done=0 target=[+0.228896, -0.182372, +0.209851, -0.127310, +1.727910, +1.335150, +1.167118, +1.215767, +1.034766, +0.753902, +0.392846, +0.516983, +0.401158, +0.240453, +0.476680, +0.123336, +0.087753, +0.123970, +0.140587, +0.401185, +0.169426]
frame=081 t= 4.050s reward=+0.395320 done=0 target=[+0.203147, -0.196566, +0.168185, -0.158091, +1.727910, +1.335150, +1.125452, +1.222366, +1.007502, +0.781343, +0.369986, +0.496341, +0.419269, +0.249098, +0.464346, +0.117247, +0.093160, +0.098553, +0.117903, +0.377978, +0.190037]
frame=082 t= 4.100s reward=+1.064628 done=0 target=[+0.201108, -0.188995, +0.126518, -0.199758, +1.727910, +1.335150, +1.083785, +1.208365, +0.965952, +0.823010, +0.364790, +0.489733, +0.449955, +0.246113, +0.451222, +0.083101, +0.074050, +0.076822, +0.091553, +0.364280, +0.224986]
frame=083 t= 4.150s reward=+0.907836 done=0 target=[+0.223760, -0.172179, +0.084851, -0.235620, +1.727910, +1.335150, +1.042118, +1.172763, +0.924286, +0.864676, +0.389143, +0.497818, +0.479580, +0.231323, +0.436327, +0.051768, +0.042174, +0.069163, +0.049886, +0.356571, +0.254737]
frame=084 t= 4.200s reward=+0.998239 done=0 target=[+0.214767, -0.178563, +0.043184, -0.235620, +1.727910, +1.335150, +1.000452, +1.131096, +0.898792, +0.906343, +0.407526, +0.514001, +0.484446, +0.230131, +0.414051, +0.023570, +0.058298, +0.087614, +0.038234, +0.398238, +0.251975]
frame=085 t= 4.250s reward=+0.734907 done=0 target=[+0.198083, -0.181286, +0.001518, -0.235620, +1.727910, +1.335150, +0.993347, +1.089430, +0.905565, +0.948010, +0.372425, +0.531802, +0.458794, +0.245832, +0.372384, +0.000000, +0.099965, +0.129281, +0.058006, +0.439904, +0.236506]
frame=086 t= 4.300s reward=+1.069968 done=0 target=[+0.167569, -0.141696, -0.031861, -0.235620, +1.727910, +1.334290, +1.035014, +1.047763, +0.915553, +0.989676, +0.330759, +0.557833, +0.434155, +0.272397, +0.330718, +0.000000, +0.141632, +0.168706, +0.099673, +0.481571, +0.241646]
frame=087 t= 4.350s reward=+1.000391 done=0 target=[+0.173692, -0.139340, +0.002332, -0.210871, +1.727910, +1.327661, +1.076680, +1.006096, +0.874016, +1.025919, +0.289092, +0.597794, +0.411517, +0.289403, +0.322347, +0.000000, +0.139123, +0.164155, +0.141340, +0.469014, +0.224490]
frame=088 t= 4.400s reward=+1.044333 done=0 target=[+0.176515, -0.163522, +0.043999, -0.186241, +1.727910, +1.335150, +1.118347, +1.027569, +0.878833, +1.067585, +0.286183, +0.636355, +0.394635, +0.331069, +0.331333, +0.018226, +0.097457, +0.169894, +0.183006, +0.433543, +0.208453]
frame=089 t= 4.450s reward=+0.841882 done=0 target=[+0.178279, -0.171597, +0.085665, -0.193572, +1.727910, +1.335150, +1.160013, +1.019571, +0.920499, +1.100677, +0.290408, +0.667734, +0.354688, +0.351736, +0.343537, +0.036837, +0.070778, +0.170193, +0.198832, +0.424480, +0.189465]
frame=090 t= 4.500s reward=+0.866566 done=0 target=[+0.172119, -0.155550, +0.127332, -0.213522, +1.727910, +1.335150, +1.201680, +1.038481, +0.940752, +1.105408, +0.311810, +0.671595, +0.338653, +0.352064, +0.355643, +0.067074, +0.051674, +0.175771, +0.196854, +0.400298, +0.175111]
frame=091 t= 4.550s reward=-0.964000 done=0 target=[+0.155181, -0.125959, +0.133963, -0.235620, +1.727910, +1.330949, +1.243347, +1.080148, +0.952820, +1.088393, +0.318470, +0.653977, +0.344916, +0.366236, +0.359868, +0.072365, +0.031390, +0.166237, +0.205413, +0.373587, +0.157353]
frame=092 t= 4.600s reward=+1.132504 done=0 target=[+0.161377, -0.097125, +0.092296, -0.235620, +1.727910, +1.291999, +1.285013, +1.090425, +0.970785, +1.049044, +0.317634, +0.632456, +0.333032, +0.392657, +0.369964, +0.077378, +0.022705, +0.128269, +0.205361, +0.359625, +0.154155]
frame=093 t= 4.650s reward=+1.137971 done=0 target=[+0.176005, -0.067727, +0.067383, -0.235620, +1.727910, +1.298042, +1.284382, +1.124578, +0.968129, +1.007377, +0.359301, +0.609907, +0.331826, +0.401159, +0.408789, +0.102268, +0.000000, +0.125951, +0.192141, +0.346970, +0.172417]
frame=094 t= 4.700s reward=+1.147497 done=0 target=[+0.188711, -0.043511, +0.060602, -0.235620, +1.727910, +1.279897, +1.282767, +1.153774, +0.974148, +0.965710, +0.400967, +0.590241, +0.341470, +0.377342, +0.449317, +0.122709, +0.000000, +0.118765, +0.191434, +0.353425, +0.189208]
frame=095 t= 4.750s reward=+1.085726 done=0 target=[+0.211617, -0.001844, +0.085546, -0.235620, +1.727910, +1.279449, +1.287712, +1.136866, +1.008887, +0.924044, +0.442634, +0.548574, +0.339326, +0.368140, +0.464132, +0.123029, +0.000000, +0.122237, +0.186338, +0.371453, +0.204246]
frame=096 t= 4.800s reward=+1.021792 done=0 target=[+0.235620, +0.033867, +0.127213, -0.223105, +1.727910, +1.281651, +1.293987, +1.110999, +1.017549, +0.882377, +0.484301, +0.506907, +0.351736, +0.331195, +0.449553, +0.124458, +0.000000, +0.137001, +0.180031, +0.390194, +0.208374]
frame=097 t= 4.850s reward=+1.070668 done=0 target=[+0.235620, -0.007800, +0.168880, -0.181438, +1.727910, +1.292267, +1.287098, +1.118302, +1.007299, +0.840710, +0.525967, +0.481399, +0.356020, +0.289528, +0.445374, +0.120066, +0.000000, +0.159207, +0.178718, +0.416063, +0.207854]
frame=098 t= 4.900s reward=+0.167286 done=0 target=[+0.235620, -0.049466, +0.210546, -0.139771, +1.727910, +1.327904, +1.276840, +1.142758, +1.020997, +0.799043, +0.519583, +0.490186, +0.367758, +0.260862, +0.447804, +0.093850, +0.005103, +0.186386, +0.178662, +0.438051, +0.206772]
frame=099 t= 4.950s reward=+1.026884 done=0 target=[+0.235620, -0.091133, +0.235620, -0.098105, +1.727910, +1.335150, +1.246119, +1.183563, +1.056751, +0.760597, +0.490057, +0.531853, +0.377148, +0.246300, +0.453592, +0.094715, +0.022802, +0.208995, +0.179972, +0.438526, +0.186871]
frame=100 t= 5.000s reward=+1.040537 done=0 target=[+0.235620, -0.132800, +0.235620, -0.082166, +1.727910, +1.335150, +1.204453, +1.219234, +1.062910, +0.730275, +0.464473, +0.568624, +0.376900, +0.224605, +0.465426, +0.116533, +0.064468, +0.203377, +0.192801, +0.422857, +0.152404]
frame=101 t= 5.050s reward=+1.074839 done=0 target=[+0.235620, -0.151106, +0.235620, -0.098093, +1.727910, +1.335150, +1.163387, +1.235225, +1.021244, +0.714677, +0.434634, +0.570774, +0.359862, +0.223686, +0.478140, +0.119442, +0.102933, +0.171973, +0.174582, +0.402233, +0.131870]
frame=102 t= 5.100s reward=+0.454775 done=0 target=[+0.228946, -0.161353, +0.193953, -0.134619, +1.727910, +1.335150, +1.135708, +1.255313, +0.985065, +0.738627, +0.413531, +0.541120, +0.369579, +0.243511, +0.473969, +0.126381, +0.107471, +0.130306, +0.142437, +0.363292, +0.145198]
frame=103 t= 5.150s reward=+1.024728 done=0 target=[+0.227771, -0.169978, +0.152287, -0.176071, +1.727910, +1.335150, +1.101207, +1.246926, +0.943403, +0.780294, +0.417631, +0.512012, +0.388041, +0.246949, +0.457701, +0.117388, +0.085413, +0.088640, +0.113656, +0.337237, +0.179737]
frame=104 t= 5.200s reward=+1.077252 done=0 target=[+0.227354, -0.163511, +0.110620, -0.217738, +1.727910, +1.335150, +1.059541, +1.223616, +0.901736, +0.821961, +0.428401, +0.510689, +0.420328, +0.237320, +0.467967, +0.084224, +0.061325, +0.074141, +0.103469, +0.335092, +0.212667]
frame=105 t= 5.250s reward=+0.711344 done=0 target=[+0.226674, -0.167018, +0.068953, -0.235620, +1.727910, +1.335150, +1.017874, +1.181949, +0.883542, +0.863627, +0.441078, +0.516907, +0.434230, +0.236373, +0.450914, +0.042914, +0.056373, +0.076767, +0.078073, +0.361589, +0.232488]
frame=106 t= 5.300s reward=+0.935505 done=0 target=[+0.199660, -0.178078, +0.027287, -0.235620, +1.727910, +1.335150, +0.976207, +1.140283, +0.886423, +0.905294, +0.429484, +0.518341, +0.450793, +0.233477, +0.415694, +0.001248, +0.081106, +0.109374, +0.054174, +0.403256, +0.220922]
frame=107 t= 5.350s reward=+0.872482 done=0 target=[+0.189123, -0.165056, -0.014380, -0.235620, +1.727910, +1.335150, +0.999691, +1.098616, +0.892978, +0.946961, +0.387817, +0.540612, +0.439976, +0.242668, +0.374027, +0.000000, +0.122772, +0.150220, +0.067515, +0.444922, +0.220594]
frame=108 t= 5.400s reward=+1.063916 done=0 target=[+0.162227, -0.123389, -0.038329, -0.216244, +1.727910, +1.315125, +1.041358, +1.056949, +0.898047, +0.988499, +0.346150, +0.576077, +0.408838, +0.284335, +0.332360, +0.000000, +0.164439, +0.172304, +0.109182, +0.486589, +0.228832]
frame=109 t= 5.450s reward=+0.844322 done=0 target=[+0.161138, -0.131393, +0.003338, -0.181315, +1.727910, +1.307942, +1.083025, +1.021872, +0.856381, +1.030166, +0.304484, +0.617744, +0.384974, +0.310110, +0.318679, +0.000000, +0.154150, +0.171590, +0.150849, +0.467907, +0.223289]
frame=110 t= 5.500s reward=+1.085519 done=0 target=[+0.159612, -0.157539, +0.045005, -0.169517, +1.727910, +1.324014, +1.124691, +1.034912, +0.870941, +1.070462, +0.297039, +0.649637, +0.371995, +0.350749, +0.332872, +0.001732, +0.112484, +0.183104, +0.192515, +0.436998, +0.201004]
frame=111 t= 5.550s reward=+0.894405 done=0 target=[+0.162368, -0.161317, +0.086671, -0.192504, +1.727910, +1.335150, +1.166358, +1.033002, +0.912607, +1.112128, +0.302722, +0.659215, +0.349766, +0.359041, +0.330419, +0.025587, +0.070991, +0.174467, +0.211357, +0.421218, +0.182920]
frame=112 t= 5.600s reward=+0.940382 done=0 target=[+0.159923, -0.146983, +0.128338, -0.211841, +1.727910, +1.335150, +1.208024, +1.044614, +0.939088, +1.113944, +0.309828, +0.667957, +0.342555, +0.369062, +0.337630, +0.051416, +0.053944, +0.179327, +0.206644, +0.403195, +0.158849]
frame=113 t= 5.650s reward=+0.492081 done=0 target=[+0.168902, -0.120197, +0.127569, -0.235620, +1.727910, +1.335150, +1.249691, +1.060060, +0.954430, +1.084353, +0.325796, +0.654529, +0.332474, +0.373140, +0.350080, +0.064442, +0.035959, +0.172338, +0.203576, +0.390370, +0.161980]
frame=114 t= 5.700s reward=+1.140397 done=0 target=[+0.158723, -0.096556, +0.085902, -0.235620, +1.727910, +1.302056, +1.291358, +1.071613, +0.956561, +1.043030, +0.342409, +0.637142, +0.321198, +0.385331, +0.373850, +0.081834, +0.028685, +0.141028, +0.197055, +0.381694, +0.171244]
frame=115 t= 5.750s reward=+1.113843 done=0 target=[+0.169058, -0.057205, +0.055393, -0.235620, +1.727910, +1.304115, +1.289479, +1.097200, +0.968186, +1.001363, +0.384076, +0.611638, +0.324533, +0.400635, +0.399240, +0.095031, +0.000340, +0.127186, +0.203311, +0.370899, +0.189864]
frame=116 t= 5.800s reward=-0.332781 done=0 target=[+0.189830, -0.036925, +0.070794, -0.235620, +1.727910, +1.289044, +1.268114, +1.118074, +0.967100, +0.959697, +0.425742, +0.594255, +0.326070, +0.370973, +0.440907, +0.102559, +0.000000, +0.123539, +0.192258, +0.388172, +0.202347]
frame=117 t= 5.850s reward=+1.096517 done=0 target=[+0.198438, +0.004647, +0.087891, -0.235620, +1.727910, +1.247377, +1.300362, +1.129969, +0.968834, +0.918030, +0.462524, +0.569055, +0.353471, +0.331886, +0.458442, +0.094798, +0.005010, +0.117832, +0.181591, +0.371280, +0.185555]
frame=118 t= 5.900s reward=-1.116287 done=0 target=[+0.235620, +0.005882, +0.129558, -0.199690, +1.727910, +1.218560, +1.322231, +1.127919, +0.980035, +0.876363, +0.504191, +0.529412, +0.373178, +0.317901, +0.470401, +0.092121, +0.000000, +0.119218, +0.185260, +0.395483, +0.184595]
frame=119 t= 5.950s reward=+1.087659 done=0 target=[+0.231152, -0.035784, +0.171225, -0.174346, +1.727910, +1.260227, +1.305065, +1.111102, +1.021702, +0.839328, +0.491843, +0.492481, +0.400344, +0.300350, +0.433323, +0.101292, +0.001046, +0.147528, +0.180506, +0.422843, +0.187038]
frame=120 t= 6.000s reward=+0.967355 done=0 target=[+0.235620, -0.077451, +0.212891, -0.144292, +1.727910, +1.301893, +1.267130, +1.123142, +1.063368, +0.804220, +0.478754, +0.497571, +0.409863, +0.268985, +0.441296, +0.118146, +0.020569, +0.160054, +0.185954, +0.454298, +0.197157]
frame=121 t= 6.050s reward=+1.062080 done=0 target=[+0.235620, -0.119118, +0.235620, -0.127502, +1.727910, +1.335150, +1.225464, +1.142064, +1.059274, +0.775328, +0.470427, +0.516207, +0.406652, +0.233319, +0.445748, +0.133328, +0.046825, +0.173809, +0.177924, +0.444061, +0.189201]
frame=122 t= 6.100s reward=+1.062986 done=0 target=[+0.235620, -0.160784, +0.235620, -0.105114, +1.727910, +1.335150, +1.183797, +1.181200, +1.044157, +0.746225, +0.454428, +0.538299, +0.395220, +0.221677, +0.453503, +0.136628, +0.073405, +0.180392, +0.178073, +0.428481, +0.170032]
frame=123 t= 6.150s reward=+1.011874 done=0 target=[+0.229599, -0.169226, +0.203975, -0.126722, +1.727910, +1.335150, +1.142130, +1.198062, +1.022520, +0.743954, +0.415087, +0.526471, +0.381428, +0.241557, +0.446727, +0.112258, +0.100597, +0.138725, +0.140965, +0.386814, +0.159725]
frame=124 t= 6.200s reward=+0.841344 done=0 target=[+0.218286, -0.170676, +0.162308, -0.168388, +1.727910, +1.335150, +1.100464, +1.201795, +0.980853, +0.782322, +0.399861, +0.510152, +0.386101, +0.239457, +0.453100, +0.093329, +0.107438, +0.104348, +0.120704, +0.376566, +0.199640]
frame=125 t= 6.250s reward=+1.054034 done=0 target=[+0.211011, -0.176044, +0.120642, -0.210055, +1.727910, +1.335150, +1.058797, +1.185071, +0.939186, +0.823989, +0.400519, +0.495271, +0.412420, +0.233072, +0.437981, +0.070474, +0.087196, +0.088965, +0.089464, +0.366146, +0.241306]
frame=126 t= 6.300s reward=+0.984630 done=0 target=[+0.213293, -0.171372, +0.078975, -0.235620, +1.727910, +1.335150, +1.017131, +1.149073, +0.900985, +0.865656, +0.420002, +0.499847, +0.446854, +0.232586, +0.427341, +0.046673, +0.076053, +0.093678, +0.075452, +0.376992, +0.259115]
frame=127 t= 6.350s reward=+0.836786 done=0 target=[+0.193586, -0.180159, +0.037308, -0.235620, +1.727910, +1.335150, +0.976494, +1.110089, +0.892853, +0.907322, +0.408349, +0.515288, +0.449510, +0.234699, +0.386558, +0.005007, +0.091826, +0.103717, +0.051765, +0.409509, +0.236579]
frame=128 t= 6.400s reward=+0.460227 done=0 target=[+0.170393, -0.181076, -0.004358, -0.235620, +1.727910, +1.335150, +0.988399, +1.068423, +0.914634, +0.948989, +0.366683, +0.537797, +0.438570, +0.239657, +0.344891, +0.000000, +0.133492, +0.135181, +0.067745, +0.451176, +0.229540]
frame=129 t= 6.450s reward=+1.072777 done=0 target=[+0.155855, -0.139834, -0.027956, -0.212032, +1.727910, +1.320707, +1.030066, +1.026756, +0.904615, +0.990656, +0.325016, +0.578762, +0.418690, +0.277819, +0.303765, +0.000000, +0.175159, +0.160636, +0.109412, +0.488532, +0.248837]
frame=130 t= 6.500s reward=+1.090634 done=0 target=[+0.154834, -0.150501, +0.013711, -0.182364, +1.727910, +1.323403, +1.071732, +1.015011, +0.870896, +1.032322, +0.289312, +0.620428, +0.391006, +0.310797, +0.302947, +0.000000, +0.155201, +0.184991, +0.151079, +0.476215, +0.241651]
frame=131 t= 6.550s reward=+0.936173 done=0 target=[+0.151158, -0.151888, +0.055377, -0.178510, +1.727910, +1.335150, +1.113399, +1.014280, +0.887826, +1.073989, +0.283874, +0.652918, +0.360454, +0.332190, +0.293386, +0.000000, +0.113535, +0.190386, +0.192745, +0.461005, +0.235279]
frame=132 t= 6.600s reward=+0.784843 done=0 target=[+0.162373, -0.153089, +0.097044, -0.192839, +1.727910, +1.335150, +1.155065, +1.025573, +0.907449, +1.098284, +0.305104, +0.683044, +0.347243, +0.346804, +0.302824, +0.022834, +0.076898, +0.191119, +0.204965, +0.427484, +0.210098]
frame=133 t= 6.650s reward=+0.288801 done=0 target=[+0.151060, -0.156164, +0.138711, -0.219554, +1.727910, +1.335150, +1.196732, +1.059043, +0.937051, +1.108255, +0.311146, +0.684904, +0.346899, +0.365882, +0.320888, +0.045794, +0.055610, +0.184099, +0.214752, +0.395258, +0.178790]
frame=134 t= 6.700s reward=+0.801577 done=0 target=[+0.153697, -0.138525, +0.107449, -0.235620, +1.727910, +1.309847, +1.238399, +1.056222, +0.949425, +1.098161, +0.308183, +0.673537, +0.329544, +0.366627, +0.331112, +0.055434, +0.035693, +0.153287, +0.206353, +0.381870, +0.167124]
frame=135 t= 6.750s reward=+1.116217 done=0 target=[+0.147114, -0.113337, +0.072649, -0.235620, +1.727910, +1.311594, +1.273312, +1.089432, +0.968188, +1.063044, +0.340937, +0.654164, +0.317814, +0.387065, +0.351467, +0.090380, +0.014076, +0.151511, +0.211058, +0.371937, +0.175048]
frame=136 t= 6.800s reward=+1.115250 done=0 target=[+0.169141, -0.088561, +0.052810, -0.235620, +1.727910, +1.305011, +1.281838, +1.111951, +0.952490, +1.021377, +0.378666, +0.636331, +0.311422, +0.383665, +0.384069, +0.104152, +0.000000, +0.148952, +0.207004, +0.374009, +0.187484]
frame=137 t= 6.850s reward=+1.126364 done=0 target=[+0.183201, -0.064013, +0.058808, -0.235620, +1.727910, +1.301270, +1.275530, +1.124746, +0.964547, +0.979710, +0.420333, +0.606840, +0.309559, +0.397551, +0.424915, +0.111787, +0.000000, +0.134599, +0.197737, +0.388367, +0.193558]
frame=138 t= 6.900s reward=-1.373896 done=0 target=[+0.198541, -0.023064, +0.090370, -0.235620, +1.727910, +1.284053, +1.277145, +1.117906, +0.973090, +0.938044, +0.462000, +0.567406, +0.319745, +0.361328, +0.452029, +0.097243, +0.007381, +0.134337, +0.189405, +0.395362, +0.196290]
frame=139 t= 6.950s reward=+1.078511 done=0 target=[+0.199431, +0.018603, +0.095060, -0.235620, +1.727910, +1.256400, +1.318812, +1.076239, +0.991095, +0.896377, +0.474130, +0.525739, +0.324329, +0.329416, +0.427327, +0.078604, +0.033418, +0.138514, +0.167906, +0.384228, +0.180454]
frame=140 t= 7.000s reward=+0.922259 done=0 target=[+0.235620, +0.017050, +0.136727, -0.207366, +1.727910, +1.256474, +1.319292, +1.092901, +0.980112, +0.854710, +0.515797, +0.498650, +0.357377, +0.313570, +0.444971, +0.092402, +0.013147, +0.145411, +0.179838, +0.409102, +0.203641]
frame=141 t= 7.050s reward=-0.032693 done=0 target=[+0.235620, -0.024616, +0.178394, -0.165699, +1.727910, +1.291110, +1.305540, +1.112206, +1.008291, +0.813544, +0.515971, +0.484536, +0.391070, +0.288013, +0.438094, +0.097434, +0.000000, +0.152758, +0.176662, +0.402978, +0.193409]
frame=142 t= 7.100s reward=-0.403173 done=0 target=[+0.235620, -0.066283, +0.220060, -0.124033, +1.727910, +1.332776, +1.272587, +1.137416, +1.049800, +0.775002, +0.491956, +0.500678, +0.399894, +0.258546, +0.435847, +0.098940, +0.000000, +0.170811, +0.161831, +0.420370, +0.199208]
frame=143 t= 7.150s reward=+1.028404 done=0 target=[+0.235620, -0.107950, +0.235620, -0.094751, +1.727910, +1.335150, +1.230920, +1.179082, +1.067576, +0.743274, +0.464829, +0.533545, +0.407639, +0.230698, +0.442368, +0.110301, +0.036528, +0.187941, +0.170299, +0.429442, +0.190551]
frame=144 t= 7.200s reward=+0.592106 done=0 target=[+0.235620, -0.148926, +0.235620, -0.078772, +1.727910, +1.335150, +1.189254, +1.205003, +1.050364, +0.716906, +0.441101, +0.546501, +0.396761, +0.226087, +0.445225, +0.116436, +0.077526, +0.188339, +0.160939, +0.399498, +0.159001]
frame=145 t= 7.250s reward=+1.019757 done=0 target=[+0.213408, -0.165315, +0.193953, -0.120438, +1.727910, +1.335150, +1.147587, +1.228173, +1.008698, +0.742123, +0.412462, +0.523176, +0.393588, +0.231129, +0.436801, +0.111473, +0.118882, +0.146672, +0.145030, +0.389007, +0.169547]
frame=146 t= 7.300s reward=+1.067204 done=0 target=[+0.209506, -0.175839, +0.152287, -0.162105, +1.727910, +1.335150, +1.105920, +1.228596, +0.967031, +0.783789, +0.416448, +0.490034, +0.409291, +0.245471, +0.432611, +0.112133, +0.117951, +0.105006, +0.128912, +0.371174, +0.196373]
frame=147 t= 7.350s reward=+1.075117 done=0 target=[+0.206700, -0.175893, +0.110620, -0.203772, +1.727910, +1.335150, +1.064254, +1.195332, +0.925364, +0.825456, +0.428506, +0.476198, +0.442139, +0.237188, +0.435898, +0.090094, +0.090783, +0.082653, +0.099474, +0.376355, +0.236507]
frame=148 t= 7.400s reward=-0.265634 done=0 target=[+0.219730, -0.165055, +0.068953, -0.235620, +1.727910, +1.335150, +1.022587, +1.153666, +0.883698, +0.867123, +0.462381, +0.484228, +0.465865, +0.229294, +0.426303, +0.054349, +0.069183, +0.084174, +0.067688, +0.384834, +0.246148]
frame=149 t= 7.450s reward=+1.007334 done=0 target=[+0.188622, -0.175763, +0.027287, -0.235620, +1.727910, +1.335150, +0.989042, +1.111999, +0.901016, +0.908789, +0.429020, +0.497117, +0.473161, +0.242951, +0.384636, +0.012683, +0.100980, +0.113218, +0.050326, +0.426500, +0.224010]
frame=150 t= 7.500s reward=+1.062806 done=0 target=[+0.161463, -0.165021, -0.014380, -0.235620, +1.727910, +1.329397, +1.002195, +1.070332, +0.919058, +0.950456, +0.387354, +0.528343, +0.462422, +0.245309, +0.342970, +0.000000, +0.142646, +0.144463, +0.063694, +0.468167, +0.215045]
frame=151 t= 7.550s reward=+1.079054 done=0 target=[+0.154085, -0.134847, -0.019759, -0.223779, +1.727910, +1.321438, +1.043862, +1.028666, +0.904733, +0.989988, +0.345687, +0.568784, +0.424268, +0.283714, +0.306153, +0.000000, +0.184313, +0.161474, +0.105361, +0.509031, +0.235126]
frame=152 t= 7.600s reward=+0.974018 done=0 target=[+0.149156, -0.145248, +0.016794, -0.198287, +1.727910, +1.305080, +1.085528, +1.021353, +0.875254, +1.031654, +0.304020, +0.610451, +0.392501, +0.315177, +0.294245, +0.000000, +0.161831, +0.166299, +0.147027, +0.482756, +0.223840]
frame=153 t= 7.650s reward=+1.005800 done=0 target=[+0.167565, -0.166111, +0.058460, -0.180308, +1.727910, +1.327909, +1.127195, +1.032714, +0.860615, +1.064676, +0.313496, +0.652117, +0.374707, +0.335401, +0.319189, +0.006571, +0.120164, +0.173306, +0.185289, +0.441231, +0.214291]
frame=154 t= 7.700s reward=+0.798700 done=0 target=[+0.163463, -0.176214, +0.100127, -0.204853, +1.727910, +1.335150, +1.168862, +1.047171, +0.902281, +1.101211, +0.321795, +0.673049, +0.354597, +0.354853, +0.339023, +0.032946, +0.078497, +0.166132, +0.197006, +0.407543, +0.193119]
frame=155 t= 7.750s reward=+0.907472 done=0 target=[+0.152243, -0.173675, +0.141794, -0.229823, +1.727910, +1.334160, +1.210528, +1.059680, +0.943948, +1.108337, +0.329824, +0.671371, +0.339409, +0.373803, +0.346785, +0.059118, +0.047040, +0.178618, +0.200804, +0.398329, +0.167362]
frame=156 t= 7.800s reward=+1.068472 done=0 target=[+0.169950, -0.140737, +0.127519, -0.235620, +1.727910, +1.321208, +1.252195, +1.070416, +0.965099, +1.086844, +0.332426, +0.661224, +0.332764, +0.386230, +0.346523, +0.072872, +0.042804, +0.152398, +0.206222, +0.375775, +0.159196]
frame=157 t= 7.850s reward=+1.078930 done=0 target=[+0.167100, -0.109755, +0.085852, -0.235620, +1.727910, +1.299759, +1.288710, +1.089753, +0.965507, +1.045177, +0.354975, +0.650566, +0.326239, +0.386359, +0.377499, +0.091419, +0.043438, +0.142688, +0.202366, +0.371504, +0.164680]
frame=158 t= 7.900s reward=+1.048458 done=0 target=[+0.171417, -0.072739, +0.053207, -0.235620, +1.727910, +1.300620, +1.287555, +1.130839, +0.980668, +1.003510, +0.389426, +0.620554, +0.331812, +0.387765, +0.401663, +0.100845, +0.008085, +0.140832, +0.193604, +0.357840, +0.169484]
frame=159 t= 7.950s reward=+0.722399 done=0 target=[+0.191170, -0.041505, +0.057868, -0.235620, +1.727910, +1.297507, +1.276824, +1.135799, +0.977646, +0.961844, +0.431093, +0.590930, +0.333857, +0.367443, +0.439101, +0.094898, +0.000000, +0.114383, +0.179619, +0.376371, +0.177932]
frame=160 t= 8.000s reward=+1.017205 done=0 target=[+0.197788, -0.000299, +0.075486, -0.235620, +1.727910, +1.258004, +1.289736, +1.125991, +0.985115, +0.920177, +0.472759, +0.558799, +0.347090, +0.350337, +0.471656, +0.087201, +0.012833, +0.116746, +0.169847, +0.383601, +0.187769]
frame=161 t= 8.050s reward=+0.908098 done=0 target=[+0.235620, +0.019420, +0.117153, -0.223066, +1.727910, +1.269256, +1.290328, +1.098500, +0.996678, +0.878510, +0.514426, +0.517132, +0.357144, +0.309195, +0.461533, +0.091588, +0.000000, +0.135789, +0.165941, +0.403017, +0.199235]
frame=162 t= 8.100s reward=+1.025169 done=0 target=[+0.235620, -0.022246, +0.158820, -0.181399, +1.727910, +1.293502, +1.284193, +1.094927, +1.016324, +0.836844, +0.540213, +0.493247, +0.366403, +0.275370, +0.449271, +0.086844, +0.000000, +0.167770, +0.165528, +0.428838, +0.192920]
frame=163 t= 8.150s reward=+0.077216 done=0 target=[+0.235620, -0.063913, +0.200486, -0.146634, +1.727910, +1.325598, +1.271263, +1.136593, +1.036445, +0.795177, +0.520629, +0.508369, +0.400772, +0.258445, +0.447528, +0.094724, +0.012092, +0.169173, +0.168176, +0.439264, +0.184310]
frame=164 t= 8.200s reward=+0.984639 done=0 target=[+0.235620, -0.105580, +0.235620, -0.110425, +1.727910, +1.335150, +1.236184, +1.178260, +1.071874, +0.754315, +0.478962, +0.550035, +0.417489, +0.240394, +0.460179, +0.091054, +0.030578, +0.178984, +0.155622, +0.429729, +0.167412]
frame=165 t= 8.250s reward=+0.987669 done=0 target=[+0.235620, -0.147246, +0.235620, -0.099389, +1.727910, +1.335150, +1.194517, +1.202441, +1.062501, +0.724757, +0.440249, +0.566008, +0.399723, +0.238517, +0.458576, +0.104398, +0.072244, +0.164104, +0.140437, +0.411508, +0.164066]
frame=166 t= 8.300s reward=+0.959364 done=0 target=[+0.209142, -0.170179, +0.229073, -0.116923, +1.727910, +1.335150, +1.152851, +1.232581, +1.026775, +0.724074, +0.406863, +0.556340, +0.391961, +0.237008, +0.449105, +0.103749, +0.107258, +0.138019, +0.127424, +0.390459, +0.164133]
frame=167 t= 8.350s reward=+0.991603 done=0 target=[+0.211821, -0.176773, +0.187406, -0.158590, +1.727910, +1.335150, +1.111184, +1.224090, +0.985108, +0.765741, +0.382566, +0.522376, +0.399733, +0.240756, +0.443759, +0.091571, +0.103550, +0.096352, +0.117830, +0.369111, +0.205800]
frame=168 t= 8.400s reward=+0.549779 done=0 target=[+0.204741, -0.183659, +0.145740, -0.200257, +1.727910, +1.335150, +1.069518, +1.210321, +0.943442, +0.807408, +0.395815, +0.506993, +0.427141, +0.244081, +0.438267, +0.083385, +0.085024, +0.078024, +0.094832, +0.356286, +0.247466]
frame=169 t= 8.450s reward=+0.794964 done=0 target=[+0.216767, -0.176576, +0.104073, -0.235620, +1.727910, +1.335150, +1.027851, +1.181135, +0.903167, +0.849075, +0.425948, +0.503733, +0.468808, +0.236355, +0.426748, +0.061226, +0.066774, +0.070659, +0.081582, +0.367081, +0.263581]
frame=170 t= 8.500s reward=+0.905883 done=0 target=[+0.215949, -0.182362, +0.062406, -0.235620, +1.727910, +1.335150, +0.986184, +1.139468, +0.897665, +0.890741, +0.426612, +0.514029, +0.490631, +0.236498, +0.400641, +0.019559, +0.066030, +0.087519, +0.055890, +0.406138, +0.249765]
frame=171 t= 8.550s reward=+1.031978 done=0 target=[+0.199346, -0.191207, +0.020740, -0.235620, +1.727910, +1.335150, +0.967440, +1.097801, +0.886134, +0.932408, +0.396564, +0.532575, +0.493916, +0.231561, +0.365191, +0.000000, +0.107697, +0.116735, +0.050839, +0.447804, +0.238155]
frame=172 t= 8.600s reward=+1.069014 done=0 target=[+0.172939, -0.155602, -0.020927, -0.235620, +1.727910, +1.335150, +1.008734, +1.056135, +0.903777, +0.974075, +0.354898, +0.546582, +0.469692, +0.251446, +0.323524, +0.000000, +0.149363, +0.140917, +0.088367, +0.489471, +0.243871]
frame=173 t= 8.650s reward=+0.995414 done=0 target=[+0.177784, -0.134412, -0.011402, -0.216035, +1.727910, +1.335150, +1.050400, +1.014468, +0.883654, +1.013276, +0.313231, +0.574521, +0.441225, +0.288891, +0.299418, +0.000000, +0.133205, +0.163530, +0.130034, +0.496395, +0.235634]
frame=174 t= 8.700s reward=+0.953932 done=0 target=[+0.175177, -0.144082, +0.030265, -0.195742, +1.727910, +1.335150, +1.092067, +0.999362, +0.875873, +1.054943, +0.291985, +0.610199, +0.416309, +0.319716, +0.303253, +0.001553, +0.110265, +0.171101, +0.171700, +0.475412, +0.226179]
frame=175 t= 8.750s reward=+0.991082 done=0 target=[+0.174755, -0.146373, +0.071932, -0.199154, +1.727910, +1.335150, +1.133734, +1.014447, +0.909862, +1.096421, +0.307109, +0.646320, +0.395542, +0.350491, +0.307004, +0.033282, +0.086517, +0.181183, +0.199603, +0.441550, +0.209913]
frame=176 t= 8.800s reward=+0.758254 done=0 target=[+0.181690, -0.130207, +0.113598, -0.229189, +1.727910, +1.335150, +1.175400, +1.017368, +0.937603, +1.121796, +0.312029, +0.664862, +0.361538, +0.349766, +0.320031, +0.051158, +0.066650, +0.174255, +0.205381, +0.426903, +0.207170]
frame=177 t= 8.850s reward=+0.968150 done=0 target=[+0.182872, -0.107670, +0.141179, -0.235620, +1.727910, +1.335150, +1.217067, +1.026901, +0.956345, +1.107407, +0.346422, +0.656735, +0.345010, +0.370885, +0.331322, +0.084692, +0.024983, +0.174214, +0.210178, +0.401898, +0.190438]
frame=178 t= 8.900s reward=+0.508642 done=0 target=[+0.168761, -0.080854, +0.107959, -0.235620, +1.727910, +1.310068, +1.258734, +1.047150, +0.968892, +1.068236, +0.353912, +0.654343, +0.313710, +0.388534, +0.349872, +0.096938, +0.024315, +0.151572, +0.220883, +0.390974, +0.195652]
frame=179 t= 8.950s reward=+1.000084 done=0 target=[+0.177615, -0.049795, +0.067344, -0.235620, +1.727910, +1.293986, +1.286103, +1.064775, +0.967957, +1.026569, +0.380120, +0.642790, +0.287319, +0.392093, +0.374943, +0.109191, +0.015208, +0.137408, +0.217114, +0.382075, +0.218218]
frame=180 t= 9.000s reward=+1.066526 done=0 target=[+0.187954, -0.029985, +0.076047, -0.235620, +1.727910, +1.296880, +1.270253, +1.087785, +0.964167, +0.984902, +0.421786, +0.620936, +0.285128, +0.379849, +0.410184, +0.122072, +0.000000, +0.155999, +0.221235, +0.383187, +0.244836]
frame=181 t= 9.050s reward=+0.296710 done=0 target=[+0.190228, -0.005181, +0.089328, -0.235620, +1.727910, +1.263403, +1.272013, +1.106697, +0.976599, +0.943236, +0.450028, +0.595650, +0.299374, +0.357012, +0.433095, +0.114549, +0.000000, +0.136566, +0.215722, +0.377115, +0.232954]
frame=182 t= 9.100s reward=+0.954337 done=0 target=[+0.216800, +0.012674, +0.130995, -0.225480, +1.727910, +1.229935, +1.297135, +1.104320, +0.986994, +0.901569, +0.491695, +0.563741, +0.323248, +0.336284, +0.441667, +0.112414, +0.000000, +0.132225, +0.217800, +0.386424, +0.212578]
frame=183 t= 9.150s reward=+1.019052 done=0 target=[+0.235620, -0.004185, +0.172662, -0.183814, +1.727910, +1.252798, +1.291486, +1.117967, +0.988380, +0.859902, +0.513527, +0.537922, +0.334192, +0.294617, +0.441983, +0.104382, +0.000000, +0.139939, +0.207876, +0.398742, +0.212925]
frame=184 t= 9.200s reward=+1.010655 done=0 target=[+0.235620, -0.045852, +0.214328, -0.142147, +1.727910, +1.294464, +1.249819, +1.132154, +1.027279, +0.821661, +0.512624, +0.528643, +0.354344, +0.261373, +0.439643, +0.102096, +0.000000, +0.179546, +0.197971, +0.418630, +0.202509]
frame=185 t= 9.250s reward=-0.541560 done=0 target=[+0.235620, -0.087519, +0.235620, -0.131700, +1.727910, +1.335150, +1.208153, +1.139250, +1.041182, +0.788481, +0.499335, +0.546928, +0.364092, +0.242416, +0.445175, +0.101084, +0.041667, +0.186996, +0.198188, +0.426310, +0.196573]
frame=186 t= 9.300s reward=+0.976880 done=0 target=[+0.223694, -0.126231, +0.234282, -0.155744, +1.727910, +1.335150, +1.166486, +1.162410, +1.041338, +0.773251, +0.469252, +0.549141, +0.364158, +0.257667, +0.432153, +0.096044, +0.083333, +0.163234, +0.166916, +0.401512, +0.182602]
frame=187 t= 9.350s reward=+0.047857 done=0 target=[+0.221051, -0.153085, +0.212264, -0.159923, +1.727910, +1.335150, +1.124820, +1.195900, +1.008101, +0.780517, +0.441657, +0.544736, +0.373463, +0.240229, +0.438776, +0.099357, +0.105724, +0.133226, +0.158223, +0.391748, +0.198516]
frame=188 t= 9.400s reward=+0.958823 done=0 target=[+0.215680, -0.174253, +0.170597, -0.187978, +1.727910, +1.335150, +1.085294, +1.216018, +0.977048, +0.816000, +0.426641, +0.524686, +0.397903, +0.239809, +0.428411, +0.097742, +0.093753, +0.103996, +0.132625, +0.365773, +0.209542]
frame=189 t= 9.450s reward=+0.958477 done=0 target=[+0.227088, -0.178266, +0.128930, -0.217695, +1.727910, +1.335150, +1.051242, +1.206750, +0.935381, +0.853084, +0.441682, +0.520080, +0.425309, +0.233426, +0.434819, +0.090518, +0.073610, +0.088580, +0.121255, +0.365880, +0.235138]
frame=190 t= 9.500s reward=+0.913271 done=0 target=[+0.212202, -0.186265, +0.087264, -0.235620, +1.727910, +1.335150, +1.009946, +1.175955, +0.912686, +0.894750, +0.430658, +0.516708, +0.450016, +0.239511, +0.418245, +0.057065, +0.070653, +0.090589, +0.090714, +0.378203, +0.245257]
frame=191 t= 9.550s reward=+0.876013 done=0 target=[+0.198785, -0.178891, +0.045597, -0.235620, +1.727910, +1.335150, +0.984860, +1.134288, +0.898213, +0.934506, +0.403615, +0.532469, +0.467825, +0.243368, +0.390865, +0.015398, +0.096247, +0.104348, +0.077734, +0.419870, +0.247691]
frame=192 t= 9.600s reward=+1.013608 done=0 target=[+0.208118, -0.176324, +0.003930, -0.235620, +1.727910, +1.335150, +0.982248, +1.092622, +0.863391, +0.969190, +0.379160, +0.546816, +0.464839, +0.247818, +0.360371, +0.000000, +0.115254, +0.126173, +0.072268, +0.461536, +0.252099]
frame=193 t= 9.650s reward=+1.052426 done=0 target=[+0.190141, -0.157669, -0.024049, -0.235620, +1.727910, +1.335150, +1.017113, +1.050955, +0.887373, +1.010857, +0.338566, +0.554592, +0.461226, +0.278157, +0.318705, +0.000000, +0.137296, +0.162622, +0.106821, +0.494615, +0.243734]
frame=194 t= 9.700s reward=+1.042182 done=0 target=[+0.210224, -0.149528, +0.003974, -0.225832, +1.727910, +1.335150, +1.058779, +1.009288, +0.873730, +1.050825, +0.315411, +0.569235, +0.441545, +0.288625, +0.304792, +0.000000, +0.106358, +0.153904, +0.133474, +0.478412, +0.241019]
frame=195 t= 9.750s reward=+0.907787 done=0 target=[+0.198082, -0.145343, +0.045640, -0.209142, +1.727910, +1.335150, +1.100446, +0.986132, +0.899568, +1.092492, +0.314308, +0.586000, +0.429370, +0.320453, +0.306459, +0.017992, +0.075307, +0.173065, +0.166994, +0.458781, +0.223054]
frame=196 t= 9.800s reward=-1.370179 done=0 target=[+0.201742, -0.130209, +0.087307, -0.224136, +1.727910, +1.335150, +1.142113, +0.976134, +0.941235, +1.109931, +0.336917, +0.603862, +0.398151, +0.354230, +0.318843, +0.053169, +0.063472, +0.173363, +0.189140, +0.460268, +0.193279]
frame=197 t= 9.850s reward=+0.942894 done=0 target=[+0.174844, -0.088542, +0.093379, -0.235620, +1.727910, +1.335150, +1.183779, +0.983868, +0.982902, +1.125973, +0.325304, +0.600836, +0.380536, +0.395114, +0.309664, +0.075959, +0.065215, +0.158649, +0.212465, +0.438329, +0.168412]
frame=198 t= 9.900s reward=+0.012961 done=0 target=[+0.187672, -0.050048, +0.092877, -0.235620, +1.727910, +1.335150, +1.225446, +1.000810, +0.986720, +1.084306, +0.360990, +0.612009, +0.344012, +0.406889, +0.331017, +0.112295, +0.047313, +0.145446, +0.210081, +0.420172, +0.169633]
frame=199 t= 9.950s reward=+1.002332 done=0 target=[+0.184997, -0.021787, +0.075305, -0.235620, +1.727910, +1.299414, +1.267112, +1.042175, +0.988906, +1.042639, +0.391172, +0.616717, +0.313156, +0.406392, +0.359154, +0.138350, +0.014270, +0.138059, +0.215382, +0.389279, +0.192549]
