# task=cylinder
# algo=PPO
# checkpoint=/home/tan/hora/BrainCo/outputs/revo3_right/run_cylinder_v2_continue/stage1_nn/last.pth
# policy_dt_sec=0.050000
# policy_hz=20.000000
# action_semantics=delta
# action_formula=target=prev_target+(1/24)*raw_action then clamp(joint_limits)
# raw_action_definition=policy clamped delta output mu (pre delta-integration, [-1,1])
# target_definition=cur_targets (delta-accumulated + joint-limit clamped, used in PD formula)
# jointpos_definition=hand.data.joint_pos (absolute joint angles, rad)
# joint_order=0:right_index_MPR_joint, 1:right_little_MPR_joint, 2:right_middle_MPR_joint, 3:right_ring_MPR_joint, 4:right_thumb_CMP_joint, 5:right_index_MCP_joint, 6:right_little_MCP_joint, 7:right_middle_MCP_joint, 8:right_ring_MCP_joint, 9:right_thumb_CMR_joint, 10:right_index_PIP_joint, 11:right_little_PIP_joint, 12:right_middle_PIP_joint, 13:right_ring_PIP_joint, 14:right_thumb_MCP_joint, 15:right_index_DIP_joint, 16:right_little_DIP_joint, 17:right_middle_DIP_joint, 18:right_ring_DIP_joint, 19:right_thumb_PIP_joint, 20:right_thumb_DIP_joint

frame=000 t= 0.000s reward=-13.107315 done=0 raw_action=[-1.000000, -0.754290, -1.000000, -0.029902, +1.000000, +0.777957, +0.669982, +1.000000, +1.000000, -0.503743, +0.003581, -0.578514, +1.000000, +1.000000, +1.000000, -1.000000, +0.719055, +1.000000, +0.841294, +1.000000, +1.000000]
frame=001 t= 0.050s reward=-0.726241 done=0 raw_action=[-1.000000, +0.104949, -0.889823, -0.354730, +0.838652, -0.052437, -0.891450, +1.000000, +0.993469, -0.779284, +0.257338, -0.200323, +1.000000, +1.000000, +0.947188, -0.934885, -0.256859, +0.382146, +0.446464, +1.000000, +0.444395]
frame=002 t= 0.100s reward=-0.757776 done=0 raw_action=[+1.000000, +1.000000, +0.056382, -0.511796, +1.000000, -0.247047, +0.205216, -0.537246, +1.000000, -0.561036, +0.244426, +0.341783, +1.000000, +1.000000, -0.346739, -0.693768, -0.708769, -0.450206, -1.000000, +1.000000, -0.429679]
frame=003 t= 0.150s reward=-0.815961 done=0 raw_action=[+1.000000, +1.000000, +0.821666, -0.810156, +1.000000, +0.832760, +0.528275, -1.000000, +0.842091, -0.397247, +1.000000, +0.110850, +1.000000, +0.889710, -0.815020, +0.694925, -0.522103, +0.376777, -0.971108, +0.531998, -0.132113]
frame=004 t= 0.200s reward=-1.836283 done=0 raw_action=[+0.547993, +1.000000, +0.544990, -1.000000, +1.000000, -0.508344, +0.755796, +0.082225, +0.196970, -0.793626, +0.988933, +0.383166, +1.000000, -1.000000, +0.268265, +0.977113, +0.661122, -0.914315, -0.189788, -0.114063, -1.000000]
frame=005 t= 0.250s reward=+0.687140 done=0 raw_action=[+0.192967, +1.000000, -0.175405, -1.000000, +1.000000, -0.882744, +0.746653, -0.153956, +0.534871, -1.000000, +0.213168, +0.082425, +0.421038, -0.648082, +0.645980, +0.053585, +0.298705, -0.893255, -0.206609, -0.246389, -0.125770]
frame=006 t= 0.300s reward=+0.555174 done=0 raw_action=[-0.010598, +1.000000, +1.000000, -0.718666, +1.000000, -0.078644, -0.328965, +0.372611, +0.416405, -1.000000, +1.000000, -0.524663, +0.341578, -0.152194, +0.545152, +0.421286, -0.980473, +0.213635, -0.339313, -0.191483, +0.812858]
frame=007 t= 0.350s reward=+0.354349 done=0 raw_action=[+0.679663, +1.000000, +1.000000, -0.060234, +1.000000, -0.351949, +0.096588, -0.420270, +0.044704, -1.000000, +0.771382, -0.840613, +0.464062, -0.823994, +0.108971, -0.029718, -1.000000, -0.105621, -0.136281, +0.097614, +0.488137]
frame=008 t= 0.400s reward=-1.251318 done=0 raw_action=[+1.000000, -0.737429, +1.000000, +1.000000, +1.000000, +0.278205, +0.491466, +0.101148, +0.038030, -1.000000, +0.381226, -0.461227, +0.688915, -0.688331, -0.180586, -0.268265, -0.982701, +1.000000, +0.319906, +0.407999, +0.071651]
frame=009 t= 0.450s reward=+0.116149 done=0 raw_action=[+0.997759, -1.000000, +1.000000, +1.000000, +1.000000, +0.920350, +0.093517, +0.666887, +0.467235, -1.000000, -0.830105, +0.475899, +0.804309, -0.376831, -0.356575, -0.200569, -0.525805, +0.917503, +0.012862, +0.206422, -0.466629]
frame=010 t= 0.500s reward=+0.896002 done=0 raw_action=[+1.000000, -1.000000, +1.000000, +1.000000, +1.000000, +0.800184, -0.363599, +1.000000, +0.301044, -0.942917, -0.841510, +1.000000, +0.731186, -0.462671, +0.477609, +0.411640, -0.738114, +0.218936, +0.448448, +0.424535, -0.276221]
frame=011 t= 0.550s reward=+0.829513 done=0 raw_action=[+1.000000, -1.000000, +1.000000, +1.000000, +1.000000, +0.975404, -1.000000, +1.000000, -0.118113, -0.841050, -0.768874, +1.000000, -0.318540, -1.000000, +0.463196, +0.559150, -0.373400, +0.612736, +0.048047, -0.149366, -0.398584]
frame=012 t= 0.600s reward=+0.810567 done=0 raw_action=[+0.523394, -1.000000, +1.000000, +0.689961, +1.000000, +0.746731, -1.000000, +0.900621, -0.301315, -0.746264, -0.790192, +0.556784, -0.940374, +0.278328, +0.152582, +0.388314, +0.987966, -0.364833, +0.246031, -0.040641, -0.358300]
frame=013 t= 0.650s reward=+0.794536 done=0 raw_action=[+0.149677, -0.176945, -0.217451, -0.072409, +1.000000, +1.000000, -1.000000, +0.499364, -1.000000, +0.165932, -0.515114, -0.291659, -0.972162, -0.350447, -0.030299, -0.040410, +1.000000, -0.874104, +0.048310, -0.530438, -0.064012]
frame=014 t= 0.700s reward=+0.231679 done=0 raw_action=[-0.188726, -0.245940, -1.000000, -1.000000, +1.000000, +1.000000, -0.837321, +0.420172, -1.000000, +0.950304, -0.169524, -0.767207, -0.553968, +0.486810, -0.263055, -0.156962, +0.822039, -1.000000, -0.101312, -0.534703, +0.426260]
frame=015 t= 0.750s reward=+0.459586 done=0 raw_action=[+0.113137, +0.060855, -1.000000, -1.000000, +1.000000, +1.000000, -0.693386, -0.380058, -1.000000, +1.000000, +0.202733, -0.142945, +0.356068, -0.181447, -0.119202, -0.529020, -0.269707, -1.000000, -0.495225, -0.566786, +1.000000]
frame=016 t= 0.800s reward=+1.056168 done=0 raw_action=[+0.143650, +0.359621, -1.000000, -1.000000, +1.000000, +0.931325, -1.000000, -0.469684, -1.000000, +1.000000, +0.525881, +0.424463, +0.557902, -0.422399, -0.021995, -0.948722, -0.526188, -0.770049, -0.611505, -0.445077, +0.781254]
frame=017 t= 0.850s reward=-0.306753 done=0 raw_action=[-0.054082, +0.029799, -1.000000, -1.000000, +1.000000, +0.833376, -1.000000, -0.341715, -0.302995, +1.000000, +0.688517, +0.551499, +0.458857, -0.067616, -0.225117, -0.621359, -0.240769, -0.231544, -0.455909, -0.051998, +0.082974]
frame=018 t= 0.900s reward=+1.001766 done=0 raw_action=[-0.631305, -0.458014, -1.000000, -0.988485, +1.000000, +0.432104, -1.000000, -0.944427, +0.535354, +1.000000, -0.382968, +0.500390, +0.054393, -0.157565, -0.848985, -1.000000, +0.392422, +0.104914, -0.708079, +0.719057, -0.541228]
frame=019 t= 0.950s reward=+1.065657 done=0 raw_action=[+0.328301, -0.626016, -1.000000, -0.453290, +1.000000, +0.176522, -0.456750, -1.000000, -0.423431, +1.000000, -0.499767, +0.688212, -0.439890, -0.372642, -0.552724, -1.000000, +0.493597, +0.564390, -0.498949, +0.939277, -0.349798]
frame=020 t= 1.000s reward=+1.067738 done=0 raw_action=[-0.231440, -0.148526, -1.000000, -0.058630, +1.000000, +0.261187, +0.827532, -1.000000, +0.076389, +0.837305, -1.000000, +0.496245, -0.527038, +0.618903, -0.635567, -1.000000, +0.895059, +1.000000, +0.780233, +1.000000, -0.184928]
frame=021 t= 1.050s reward=+1.078388 done=0 raw_action=[-0.591035, +0.821009, +0.046544, +0.929655, +0.998364, -0.279783, +1.000000, -1.000000, -0.085952, +0.932387, -1.000000, +0.763309, -0.801843, +1.000000, -0.979522, -1.000000, -0.210212, +0.468896, +1.000000, +0.451042, +0.133521]
frame=022 t= 1.100s reward=-1.487924 done=0 raw_action=[-0.468095, -0.050554, +1.000000, +0.929547, +0.708636, -0.006339, +1.000000, +0.114906, -0.465338, +0.967477, -1.000000, +0.937424, -0.293419, +1.000000, -0.100106, -0.386836, -0.621656, +0.305246, +1.000000, -0.516155, +0.103785]
frame=023 t= 1.150s reward=-1.131885 done=0 raw_action=[-0.307845, -1.000000, +1.000000, -0.388363, +0.579619, -1.000000, +1.000000, +0.613115, +0.567448, +1.000000, -1.000000, +0.970447, -0.426213, +0.722171, +0.540434, +0.519798, -0.016494, -0.431045, +1.000000, -1.000000, -0.831262]
frame=024 t= 1.200s reward=+0.202211 done=0 raw_action=[+0.161125, +0.262046, +0.847647, -0.461365, +0.560561, +0.598723, +1.000000, -0.299404, +1.000000, +1.000000, -0.239558, +0.166274, -0.456100, +1.000000, -0.234675, +0.536875, -1.000000, +0.565153, +0.922007, -0.520063, -0.004481]
frame=025 t= 1.250s reward=+1.121094 done=0 raw_action=[+0.246756, +0.759948, +1.000000, -0.158425, +0.855609, +1.000000, +1.000000, +0.200008, +0.644957, -0.374938, +1.000000, -0.427462, +0.051902, -0.172775, +0.172967, +1.000000, -0.871414, +0.262817, -0.149841, -0.062224, -0.184917]
frame=026 t= 1.300s reward=+0.687941 done=0 raw_action=[-0.041188, +0.743054, +0.269760, -1.000000, +0.959460, +0.228872, +0.749559, +0.733734, +0.431874, -0.958824, +1.000000, -0.504062, +0.146275, +0.197912, +0.587872, +0.512222, -0.204935, -0.458105, -0.076764, -0.198653, -0.323022]
frame=027 t= 1.350s reward=+1.071720 done=0 raw_action=[-0.012407, +1.000000, -1.000000, -1.000000, +1.000000, -0.581875, +0.659052, +0.774105, +0.393541, -1.000000, +0.626414, -0.380608, -0.220811, +0.017913, +0.944924, -0.476926, +0.489081, -1.000000, -0.175164, +0.052594, +0.217698]
frame=028 t= 1.400s reward=+1.105098 done=0 raw_action=[+0.732620, +0.996395, -0.424374, -0.984835, +1.000000, +0.233707, -0.241922, -0.364032, +0.063089, -1.000000, +1.000000, -0.742439, -0.274815, -0.021671, +0.896989, -0.141610, -0.495516, -0.181107, -0.482241, +0.456322, +0.887860]
frame=029 t= 1.450s reward=-0.089272 done=0 raw_action=[+0.125991, +0.791798, +0.731439, -0.492035, +1.000000, -0.690651, -0.352757, +0.671142, -0.108902, -1.000000, +1.000000, -0.374836, +0.734473, -1.000000, +0.579861, +0.215627, -0.302233, +0.273008, -0.172555, -0.188127, +0.625750]
frame=030 t= 1.500s reward=+1.020656 done=0 raw_action=[+0.542893, +0.518894, +0.857389, +0.010931, +1.000000, -1.000000, +0.759376, +0.018458, +0.135857, -1.000000, +1.000000, -0.916545, +0.800348, -0.377832, +0.328796, -0.176176, +0.123418, -0.151364, -0.105116, -0.119488, -0.047330]
frame=031 t= 1.550s reward=+1.042269 done=0 raw_action=[+0.570213, -0.505221, +1.000000, +0.925577, +1.000000, +0.201056, +0.493302, -0.685672, +0.503102, -1.000000, +0.652462, -1.000000, +0.244835, -0.825955, -0.493371, -0.476582, -0.110106, +0.295362, -0.349838, +0.339272, -0.223705]
frame=032 t= 1.600s reward=+1.061266 done=0 raw_action=[+1.000000, -1.000000, +1.000000, +1.000000, +0.673964, +1.000000, -0.237298, +0.763426, +0.403087, -1.000000, -0.120272, +0.379621, +0.347594, -0.907249, -0.192676, -0.099481, -0.422539, +0.903350, +0.251696, +1.000000, -0.173973]
frame=033 t= 1.650s reward=+0.689728 done=0 raw_action=[+0.584899, -1.000000, +1.000000, +1.000000, +0.909849, +1.000000, -0.726378, +1.000000, +0.995710, -1.000000, -0.860238, +1.000000, +1.000000, -0.230564, +0.113923, +0.501275, +0.104352, +0.409895, +0.331823, +0.042014, -0.372351]
frame=034 t= 1.700s reward=+0.958321 done=0 raw_action=[+0.483333, -1.000000, +1.000000, +0.642609, +1.000000, +0.947818, -1.000000, +0.776918, +0.207240, -1.000000, -0.695585, +1.000000, -0.363435, -0.370438, +0.022497, +0.565927, +0.893086, +0.134751, -0.084417, -0.131352, -0.401504]
frame=035 t= 1.750s reward=+1.032368 done=0 raw_action=[+0.077161, -0.962058, +0.461311, +0.269728, +1.000000, +0.485644, -1.000000, +0.507369, -0.797528, -0.708978, -0.855372, +0.160153, -0.494950, +0.205919, -0.116476, +0.264844, +1.000000, -0.766709, -0.434771, -0.775384, -0.141419]
frame=036 t= 1.800s reward=+0.613633 done=0 raw_action=[-0.020155, -0.196644, -0.721094, -0.593716, +1.000000, +0.515082, -1.000000, +0.350710, -1.000000, +0.115970, -0.807358, -0.476403, -0.627641, -0.338261, +0.204355, -0.094914, +0.556680, -1.000000, -0.533124, -0.847986, +0.212041]
frame=037 t= 1.850s reward=+1.058620 done=0 raw_action=[-0.550578, -0.448135, -1.000000, -1.000000, +1.000000, +0.914438, -1.000000, +0.297219, -1.000000, +1.000000, -0.024080, -0.779132, +0.434342, +0.095763, -0.454620, +0.031549, -0.331046, -0.814584, -0.451552, -0.745764, +0.706802]
frame=038 t= 1.900s reward=+1.091998 done=0 raw_action=[+0.062465, +0.084851, -1.000000, -1.000000, +1.000000, +1.000000, -1.000000, -0.791277, -1.000000, +1.000000, +0.560066, +0.028517, +0.492905, -0.240351, +0.148239, -0.608574, -0.601357, -0.705377, -0.420040, +0.265894, +1.000000]
frame=039 t= 1.950s reward=+1.027021 done=0 raw_action=[+0.249558, +0.364033, -1.000000, -1.000000, +1.000000, +1.000000, -1.000000, -0.963927, -0.796042, +1.000000, +0.681091, +0.272089, +0.339110, +0.028179, -0.138876, -1.000000, -0.452905, -0.001246, -0.584311, +0.383245, +0.981034]
frame=040 t= 2.000s reward=+0.520004 done=0 raw_action=[-0.283671, +0.062238, -1.000000, -0.973645, +1.000000, +0.577709, -1.000000, -0.822707, -0.294769, +1.000000, +0.280595, +0.402760, +0.426009, -0.164679, -0.715741, -0.848553, +0.293467, +0.667576, -0.682468, +0.535360, -0.630737]
frame=041 t= 2.050s reward=+0.371133 done=0 raw_action=[+0.213580, -0.259842, -1.000000, -0.893048, +1.000000, +0.593293, -0.356774, -1.000000, -0.254211, +1.000000, -0.448980, +0.357898, +0.083407, -0.305252, -0.799971, -1.000000, +0.624525, +0.601734, -0.098166, +1.000000, -0.566859]
frame=042 t= 2.100s reward=+1.106967 done=0 raw_action=[-0.842278, +0.231000, -1.000000, -0.288845, +1.000000, +0.085617, +1.000000, -1.000000, +0.550222, +1.000000, -1.000000, +0.361612, -0.290065, +0.941542, -1.000000, -1.000000, +1.000000, +0.836854, +0.844788, +1.000000, -0.414201]
frame=043 t= 2.150s reward=+1.113926 done=0 raw_action=[-0.290076, +0.454546, +0.047159, +0.706419, +0.814506, -0.298355, +1.000000, -1.000000, -0.454177, +0.956742, -1.000000, +0.480789, -0.574320, +0.936262, -0.708348, -1.000000, +0.084866, +0.137131, +1.000000, +0.272105, +0.033659]
frame=044 t= 2.200s reward=+1.127883 done=0 raw_action=[-0.213134, -0.318529, +1.000000, +0.723533, +0.473596, +0.242374, +1.000000, -0.010549, -0.144361, +0.976452, -0.881793, +0.690487, -0.373682, +1.000000, -0.136827, -0.373560, -0.556742, +0.550136, +1.000000, -0.782375, -0.343199]
frame=045 t= 2.250s reward=+1.117547 done=0 raw_action=[-0.012799, -0.248297, +1.000000, -0.177970, +0.677540, +0.215909, +1.000000, +0.622081, +0.654239, +1.000000, -0.234421, +0.705414, -0.547749, +0.727723, +0.074781, +0.571728, -0.461673, +0.121917, +1.000000, -0.570372, -0.003043]
frame=046 t= 2.300s reward=+0.905718 done=0 raw_action=[+0.518732, -0.024047, +1.000000, -0.490455, +0.976357, -0.054412, +1.000000, +0.276759, +0.612731, +0.627125, +0.127836, +0.459269, -0.511619, +0.375629, +0.214018, +0.650221, -0.564795, -0.374096, +0.121440, -0.637159, -0.126534]
frame=047 t= 2.350s reward=+1.127060 done=0 raw_action=[-0.051513, +0.457053, +1.000000, -0.372810, +1.000000, +0.369960, +1.000000, +0.108326, +0.481742, -0.374698, +0.505783, -0.146046, -0.182591, +0.105782, +0.372678, +0.566763, -0.709616, +0.675002, -0.118873, -0.350338, -0.343157]
frame=048 t= 2.400s reward=+0.403627 done=0 raw_action=[-0.055735, +0.754637, -0.297640, -0.916441, +1.000000, -0.066428, +1.000000, +0.076721, +0.563849, -0.612856, +0.240070, -0.620469, -0.477582, +0.310860, +0.161176, +0.431824, -0.292640, -0.565836, +0.249755, +0.105837, +0.148959]
frame=049 t= 2.450s reward=+1.134645 done=0 raw_action=[-0.298326, +1.000000, -1.000000, -1.000000, +1.000000, -0.502425, +1.000000, +0.310903, +0.295562, -1.000000, +0.126083, -0.514620, -0.297940, +0.342370, +0.415273, +0.198127, -0.072476, -0.245766, +0.249601, -0.181458, +0.159540]
frame=050 t= 2.500s reward=+0.773258 done=0 raw_action=[+0.395224, +0.770586, -0.112797, -0.901497, +1.000000, +0.166898, -0.353969, +0.580850, -0.385589, -1.000000, +1.000000, -0.352049, -0.052846, -0.093492, +0.844656, +0.392328, -0.397536, +0.115049, -0.083062, +0.142196, +0.630166]
frame=051 t= 2.550s reward=+1.142761 done=0 raw_action=[-0.220631, +0.895189, -0.328498, -1.000000, +1.000000, -1.000000, +0.156373, +0.488642, +0.237666, -1.000000, +0.761775, -0.743300, +0.297741, -0.530636, +0.661895, -0.047265, -0.056163, -0.700795, -0.261109, -0.477835, +0.094024]
frame=052 t= 2.600s reward=+1.087737 done=0 raw_action=[+0.701657, +0.687713, +0.702216, -0.478706, +1.000000, -0.844851, +0.220363, -0.009144, -0.043178, -1.000000, +1.000000, -0.832102, +0.219146, -0.788470, +0.723109, -0.356529, +0.125104, +0.000973, -0.190127, +0.288936, +0.179861]
frame=053 t= 2.650s reward=+1.106531 done=0 raw_action=[+1.000000, -0.207388, +1.000000, +0.725850, +1.000000, +0.668337, +0.274517, -0.566523, +0.254218, -1.000000, +1.000000, -1.000000, +0.084118, -0.706581, -0.480471, +0.072078, -0.789313, +0.710231, +0.096411, +0.518667, +0.032832]
frame=054 t= 2.700s reward=+1.064818 done=0 raw_action=[+0.601604, -1.000000, +1.000000, +1.000000, +1.000000, +0.404223, +0.424320, +0.296985, +0.271448, -1.000000, +0.267705, -0.567362, +0.717538, -0.529231, -0.155457, +0.051556, -0.262583, +0.245802, +0.110148, +0.548328, -0.027311]
frame=055 t= 2.750s reward=+1.052096 done=0 raw_action=[+0.758352, -1.000000, +1.000000, +0.861093, +0.935544, +1.000000, -1.000000, +0.702485, +1.000000, -0.948132, -0.397891, +0.772861, +0.364091, -0.554476, +0.236131, +0.022352, +0.194501, +0.636436, -0.035331, -0.117500, -0.347588]
frame=056 t= 2.800s reward=+1.084393 done=0 raw_action=[+0.574528, -1.000000, +1.000000, +0.689475, +1.000000, +0.860201, -1.000000, +0.977982, +0.847388, -0.984623, -0.755854, +1.000000, -0.045842, -0.547856, +0.281684, +0.184864, +0.747408, +0.329987, -0.146035, -0.030438, -0.561889]
frame=057 t= 2.850s reward=+1.080752 done=0 raw_action=[+0.386711, -0.452543, +0.767092, -0.016807, +1.000000, +0.611071, -1.000000, +0.339024, -0.452909, -0.635156, -0.463758, +0.078889, -0.135376, -0.048702, +0.258566, +0.262548, +1.000000, -0.322877, -0.100521, -0.813001, -0.554651]
frame=058 t= 2.900s reward=+1.082740 done=0 raw_action=[+0.142036, -0.378023, -0.354281, -0.314412, +1.000000, +0.589666, -1.000000, +0.643603, -0.769176, -0.000880, -0.404335, -0.607150, -0.045856, +0.425074, -0.214905, +0.266571, +0.307409, -1.000000, -0.619612, -0.739880, -0.120927]
frame=059 t= 2.950s reward=+1.039033 done=0 raw_action=[-0.159014, -0.356541, -1.000000, -0.664183, +1.000000, +0.899588, -0.882178, +0.311062, -1.000000, +0.758551, -0.175690, -0.677805, +0.085711, +0.072609, -0.002155, +0.040397, -0.028047, -1.000000, -0.302428, -0.357754, +0.736364]
frame=060 t= 3.000s reward=+1.043868 done=0 raw_action=[-0.187474, +0.128201, -1.000000, -1.000000, +1.000000, +1.000000, -0.871592, -0.266018, -1.000000, +0.971683, +0.256480, +0.137310, +0.319583, -0.692691, +0.282419, -0.559356, -0.123987, -0.677073, -0.441769, +0.065566, +0.969291]
frame=061 t= 3.050s reward=+1.094461 done=0 raw_action=[-0.065850, +0.033933, -1.000000, -1.000000, +1.000000, +0.779938, -1.000000, -0.324276, -0.938910, +1.000000, +0.510232, +0.041878, +0.901432, -0.103725, -0.246993, -0.726173, -0.453087, -0.027711, -0.772408, -0.218069, +0.233122]
frame=062 t= 3.100s reward=+0.305994 done=0 raw_action=[+0.165487, +0.013224, -1.000000, -0.746975, +1.000000, +0.549774, -1.000000, -1.000000, -0.543167, +1.000000, +0.386299, +0.312748, +0.485625, -0.193324, -0.327021, -1.000000, -0.084851, -0.043229, -0.868245, +0.474367, -0.051936]
frame=063 t= 3.150s reward=+0.781562 done=0 raw_action=[-0.506077, -0.407880, -1.000000, -0.675273, +1.000000, +0.238477, -0.770861, -1.000000, +0.463866, +1.000000, -0.730808, +0.242978, -0.075365, +0.144463, -0.969978, -1.000000, +0.915812, +0.544262, -0.596859, +1.000000, -0.412391]
frame=064 t= 3.200s reward=+1.103055 done=0 raw_action=[-0.439994, +0.096644, -1.000000, -0.572347, +1.000000, -0.148946, +0.546837, -1.000000, +0.344788, +1.000000, -1.000000, +0.580910, -0.239185, +0.206163, -1.000000, -1.000000, +1.000000, +0.918207, +0.489454, +1.000000, -0.033206]
frame=065 t= 3.250s reward=+0.950602 done=0 raw_action=[+0.026410, +0.718066, -0.350772, +0.492648, +1.000000, -0.126448, +1.000000, -1.000000, -0.649934, +0.912758, -1.000000, +0.669011, -0.816348, +0.925958, -0.774582, -1.000000, +0.373038, +0.046317, +1.000000, +1.000000, +0.530950]
frame=066 t= 3.300s reward=+1.125818 done=0 raw_action=[-0.271061, -0.625166, +1.000000, +1.000000, +0.521766, -0.128694, +1.000000, -0.014054, -0.794209, +1.000000, -0.856655, +0.836797, -0.046471, +0.951797, +0.300137, +0.101007, -1.000000, +0.218364, +1.000000, -1.000000, -0.449524]
frame=067 t= 3.350s reward=+1.028885 done=0 raw_action=[-0.043820, -0.440749, +1.000000, -0.251904, +0.642542, +0.230846, +1.000000, +0.231066, +1.000000, +1.000000, -0.216690, +0.642245, -0.534407, +0.874491, -0.104995, +0.530371, -0.869346, +0.250963, +1.000000, -0.538594, -0.664960]
frame=068 t= 3.400s reward=+0.978710 done=0 raw_action=[+0.171812, -0.238008, +1.000000, -0.579654, +0.937002, -0.101822, +1.000000, +0.538342, +1.000000, +0.533305, -0.058496, +0.592430, -0.384219, +0.204014, +0.389595, +0.848845, -0.265457, +0.030634, +0.084654, -0.787583, -0.633360]
frame=069 t= 3.450s reward=+1.008330 done=0 raw_action=[+0.046141, +0.682493, +0.704214, -0.498975, +0.908930, +0.159449, +1.000000, +0.147174, +0.659367, +0.128976, -0.145715, +0.192867, -0.027673, +0.246982, +0.049363, +0.177770, -0.312996, +0.225470, +0.198311, -0.197883, +0.085204]
frame=070 t= 3.500s reward=-1.714792 done=0 raw_action=[+0.134170, +0.836293, +0.386486, -0.603381, +0.959619, +0.437849, +1.000000, +0.216479, +0.062633, -1.000000, +0.686940, -0.242764, -0.308763, +0.152927, +0.256077, +0.128969, -0.257299, +0.264880, -0.280579, +0.095054, -0.120935]
frame=071 t= 3.550s reward=+1.149122 done=0 raw_action=[-0.656665, +0.804818, -1.000000, -1.000000, +0.800096, -1.000000, +1.000000, +0.260136, +0.272242, -0.370107, -0.400734, -0.537352, -0.124448, +0.827251, +0.099471, +0.271469, +0.131716, -0.761593, +0.450881, -0.465024, +0.339546]
frame=072 t= 3.600s reward=+1.137838 done=0 raw_action=[+0.625983, +0.734341, -0.772128, -1.000000, +1.000000, +0.188216, +0.350072, -0.056620, -0.304464, -1.000000, +1.000000, -0.690513, -0.314167, +0.057387, +0.753202, +0.558207, -1.000000, -0.532372, +0.137765, -0.075487, +0.170928]
frame=073 t= 3.650s reward=+1.153377 done=0 raw_action=[-0.037412, +0.498606, +0.463101, -0.730423, +1.000000, -0.155748, -0.508144, +1.000000, +0.268242, -1.000000, +1.000000, -0.499745, +0.126410, -0.062409, +0.839290, +0.776820, -0.898115, +0.291518, +0.070735, -0.093240, +0.430514]
frame=074 t= 3.700s reward=+0.999990 done=0 raw_action=[+0.637822, +0.844781, +0.546012, -0.393237, +1.000000, -1.000000, +0.244858, +0.319935, +0.052137, -1.000000, +1.000000, -0.724733, +0.046365, -0.872577, +0.625052, -0.090269, -0.452798, -0.641927, -0.022837, +0.286279, +0.291804]
frame=075 t= 3.750s reward=+1.058733 done=0 raw_action=[+0.488504, +0.362188, +0.936788, +0.667309, +1.000000, -1.000000, +0.400054, +0.634120, -0.043242, -1.000000, +0.717943, -0.745335, +0.218037, -0.852862, +0.751789, -0.837700, -0.026395, -0.043112, -0.107416, +0.420768, +0.112615]
frame=076 t= 3.800s reward=+1.026086 done=0 raw_action=[+0.767700, -1.000000, +1.000000, +1.000000, +1.000000, +1.000000, +0.108188, +0.211163, -0.125626, -1.000000, +0.558504, -0.106089, +0.590084, -1.000000, -0.298627, -0.373101, -0.697406, +0.590730, -0.044124, +0.731686, -0.344487]
frame=077 t= 3.850s reward=+0.815544 done=0 raw_action=[+0.767084, -1.000000, +1.000000, +1.000000, +1.000000, +1.000000, -0.570832, -0.173115, +1.000000, -1.000000, -0.297862, +0.201785, +0.669612, -0.641717, -0.144322, +0.141085, -0.358885, +0.275306, -0.087235, +0.783314, -0.162459]
frame=078 t= 3.900s reward=+1.075376 done=0 raw_action=[+0.282612, -1.000000, +1.000000, +0.585407, +1.000000, +1.000000, -1.000000, -0.022922, +1.000000, -0.848034, -0.474694, +0.521834, +0.212815, -0.714913, +0.017770, +0.341436, +0.736004, +0.650277, -0.239232, -0.228826, -0.516814]
frame=079 t= 3.950s reward=+0.829906 done=0 raw_action=[-0.057309, -1.000000, +1.000000, -0.049533, +1.000000, +0.491898, -1.000000, +0.703713, +0.084757, -0.624330, -0.807835, +0.307213, +0.155411, -0.125804, +0.110799, +0.334927, +0.980852, -0.468195, -0.139507, -0.148457, -0.051803]
frame=080 t= 4.000s reward=+0.448764 done=0 raw_action=[-0.104058, -0.691443, -0.618451, -0.603746, +1.000000, +0.578965, -1.000000, +0.260081, -0.811863, +0.277618, -0.570566, -0.683404, -0.504934, +0.121434, -0.388635, +0.050235, +0.389218, -0.886741, -0.757932, -0.700469, +0.165763]
frame=081 t= 4.050s reward=+0.395320 done=0 raw_action=[-0.617987, -0.340654, -1.000000, -0.738742, +1.000000, +0.461634, -1.000000, +0.158380, -0.654350, +0.658588, -0.548649, -0.495418, +0.434660, +0.207477, -0.296024, -0.146144, +0.129765, -0.610017, -0.544425, -0.556978, +0.494669]
frame=082 t= 4.100s reward=+1.064628 done=0 raw_action=[-0.048940, +0.181710, -1.000000, -1.000000, +1.000000, +0.487740, -1.000000, -0.336030, -0.997185, +1.000000, -0.124708, -0.158591, +0.736462, -0.071638, -0.314973, -0.819506, -0.458643, -0.521545, -0.632394, -0.328745, +0.838776]
frame=083 t= 4.150s reward=+0.907836 done=0 raw_action=[+0.543666, +0.403574, -1.000000, -1.000000, +1.000000, +0.532820, -1.000000, -0.854445, -1.000000, +1.000000, +0.584487, +0.194040, +0.711007, -0.354953, -0.357498, -0.751990, -0.765015, -0.183823, -1.000000, -0.185021, +0.714025]
frame=084 t= 4.200s reward=+0.998239 done=0 raw_action=[-0.215853, -0.153222, -1.000000, -0.621732, +1.000000, +0.660425, -1.000000, -1.000000, -0.611859, +1.000000, +0.441173, +0.388400, +0.116779, -0.028614, -0.534609, -0.676755, +0.386980, +0.442832, -0.279657, +1.000000, -0.066288]
frame=085 t= 4.250s reward=+0.734907 done=0 raw_action=[-0.400398, -0.065349, -1.000000, -0.737025, +1.000000, +0.590545, -0.170516, -1.000000, +0.162560, +1.000000, -0.842409, +0.427226, -0.615629, +0.376832, -1.000000, -1.000000, +1.000000, +1.000000, +0.474531, +1.000000, -0.371265]
frame=086 t= 4.300s reward=+1.069968 done=0 raw_action=[-0.732334, +0.950175, -0.801094, -0.011848, +1.000000, -0.020641, +1.000000, -1.000000, +0.239716, +1.000000, -1.000000, +0.624729, -0.591349, +0.637555, -1.000000, -1.000000, +1.000000, +0.946205, +1.000000, +1.000000, +0.123359]
frame=087 t= 4.350s reward=+1.000391 done=0 raw_action=[+0.146940, +0.056542, +0.820636, +0.593983, +0.665205, -0.159083, +1.000000, -1.000000, -0.996880, +0.869819, -1.000000, +0.959072, -0.543313, +0.408137, -0.200904, -0.693127, -0.060198, -0.109208, +1.000000, -0.301365, -0.411728]
frame=088 t= 4.400s reward=+1.044333 done=0 raw_action=[+0.067751, -0.580380, +1.000000, +0.591117, +0.559097, +0.215320, +1.000000, +0.515353, +0.115588, +1.000000, -0.069818, +0.925468, -0.405176, +1.000000, +0.215661, +0.437429, -1.000000, +0.137713, +1.000000, -0.851318, -0.384911]
frame=089 t= 4.450s reward=+0.841882 done=0 raw_action=[+0.042342, -0.193796, +1.000000, -0.175954, +0.796924, +0.122290, +1.000000, -0.191970, +1.000000, +0.794192, +0.101396, +0.753098, -0.958723, +0.496001, +0.292901, +0.446650, -0.640282, +0.007194, +0.379830, -0.217489, -0.455701]
frame=090 t= 4.500s reward=+0.866566 done=0 raw_action=[-0.147846, +0.385136, +1.000000, -0.478786, +0.953223, +0.342587, +1.000000, +0.453855, +0.486066, +0.113540, +0.513659, +0.092659, -0.384828, +0.007875, +0.290545, +0.725698, -0.458509, +0.133862, -0.047483, -0.580371, -0.344506]
frame=091 t= 4.550s reward=-0.964000 done=0 raw_action=[-0.406520, +0.710170, +0.159135, -0.577064, +1.000000, -0.100816, +1.000000, +1.000000, +0.289636, -0.408351, +0.159844, -0.422845, +0.150295, +0.340117, +0.101396, +0.126992, -0.486802, -0.228815, +0.205407, -0.641067, -0.426174]
frame=092 t= 4.600s reward=+1.132504 done=0 raw_action=[+0.148703, +0.692033, -1.000000, -1.000000, +1.000000, -0.934809, +1.000000, +0.246644, +0.431155, -0.944385, -0.020071, -0.516490, -0.285214, +0.634108, +0.242306, +0.120296, -0.208452, -0.911234, -0.001240, -0.335084, -0.076749]
frame=093 t= 4.650s reward=+1.137971 done=0 raw_action=[+0.351095, +0.705551, -0.597908, -0.636063, +1.000000, +0.145033, -0.015141, +0.819669, -0.063742, -1.000000, +1.000000, -0.541189, -0.028939, +0.204045, +0.931794, +0.597355, -0.822779, -0.055623, -0.317268, -0.303725, +0.438268]
frame=094 t= 4.700s reward=+1.147497 done=0 raw_action=[+0.304934, +0.581176, -0.162756, -0.602358, +1.000000, -0.435488, -0.038764, +0.700718, +0.144452, -1.000000, +1.000000, -0.471980, +0.231450, -0.571611, +0.972673, +0.490596, -0.405194, -0.172461, -0.016986, +0.154923, +0.402997]
frame=095 t= 4.750s reward=+1.085726 done=0 raw_action=[+0.549745, +1.000000, +0.598669, -0.316365, +1.000000, -0.010739, +0.118682, -0.405787, +0.833738, -1.000000, +1.000000, -1.000000, -0.051457, -0.220829, +0.355577, +0.007680, -0.742760, +0.083326, -0.122297, +0.432659, +0.360908]
frame=096 t= 4.800s reward=+1.021792 done=0 raw_action=[+0.658775, +0.857071, +1.000000, +0.300365, +1.000000, +0.052850, +0.150595, -0.620823, +0.207894, -1.000000, +1.000000, -1.000000, +0.297844, -0.886691, -0.349915, +0.034285, -0.214404, +0.354321, -0.151374, +0.449779, +0.099063]
frame=097 t= 4.850s reward=+1.070668 done=0 raw_action=[+0.484972, -1.000000, +1.000000, +1.000000, +0.782265, +0.254779, -0.165335, +0.175266, -0.245999, -1.000000, +1.000000, -0.612206, +0.102828, -1.000000, -0.100276, -0.105387, -0.249799, +0.532951, -0.031515, +0.620876, -0.012475]
frame=098 t= 4.900s reward=+0.167286 done=0 raw_action=[+0.698924, -1.000000, +1.000000, +1.000000, +0.864419, +0.855276, -0.246208, +0.586964, +0.328747, -1.000000, -0.153223, +0.210896, +0.281715, -0.688000, +0.058311, -0.629193, +0.122467, +0.652292, -0.001325, +0.527696, -0.025954]
frame=099 t= 4.950s reward=+1.026884 done=0 raw_action=[+0.690017, -1.000000, +1.000000, +1.000000, +1.000000, +0.819252, -0.737282, +0.979302, +0.858087, -0.922710, -0.708619, +1.000000, +0.225355, -0.349477, +0.138906, +0.020751, +0.424774, +0.542630, +0.031424, +0.011404, -0.477644]
frame=100 t= 5.000s reward=+1.040537 done=0 raw_action=[+0.252391, -1.000000, +1.000000, +0.382526, +1.000000, +0.895267, -1.000000, +0.856119, +0.147836, -0.727725, -0.614013, +0.882503, -0.005955, -0.520687, +0.284024, +0.523647, +1.000000, -0.134843, +0.307908, -0.376064, -0.827198]
frame=101 t= 5.050s reward=+1.074839 done=0 raw_action=[+0.092976, -0.439353, +0.304914, -0.382233, +1.000000, +0.658039, -0.985572, +0.383780, -1.000000, -0.374353, -0.716138, +0.051597, -0.408923, -0.022045, +0.305128, +0.069820, +0.923162, -0.753691, -0.437252, -0.494977, -0.492816]
frame=102 t= 5.100s reward=+0.454775 done=0 raw_action=[-0.160164, -0.245917, -1.000000, -0.876640, +1.000000, +0.613116, -0.664308, +0.482105, -0.868298, +0.574799, -0.506468, -0.711691, +0.233208, +0.475784, -0.100089, +0.166525, +0.108895, -1.000000, -0.771480, -0.934566, +0.319864]
frame=103 t= 5.150s reward=+1.024728 done=0 raw_action=[-0.028208, -0.207000, -1.000000, -0.994851, +1.000000, +0.704374, -0.828015, -0.201282, -0.999881, +1.000000, +0.098394, -0.698595, +0.443090, +0.082519, -0.390447, -0.215834, -0.529385, -1.000000, -0.690754, -0.625327, +0.828942]
frame=104 t= 5.200s reward=+1.077252 done=0 raw_action=[-0.010019, +0.155198, -1.000000, -1.000000, +1.000000, +0.686072, -1.000000, -0.559444, -1.000000, +1.000000, +0.258483, -0.031756, +0.774906, -0.231093, +0.246397, -0.795930, -0.578116, -0.347964, -0.244500, -0.051484, +0.790324]
frame=105 t= 5.250s reward=+0.711344 done=0 raw_action=[-0.016322, -0.084168, -1.000000, -0.596684, +1.000000, +0.685436, -1.000000, -1.000000, -0.436655, +1.000000, +0.304243, +0.149252, +0.333641, -0.022729, -0.409288, -0.991440, -0.118847, +0.063028, -0.609484, +0.635933, +0.475705]
frame=106 t= 5.300s reward=+0.935505 done=0 raw_action=[-0.648315, -0.265440, -1.000000, -0.646701, +1.000000, +0.374588, -1.000000, -1.000000, +0.069137, +1.000000, -0.278268, +0.034415, +0.397510, -0.069511, -0.845282, -1.000000, +0.593589, +0.782561, -0.573594, +1.000000, -0.277596]
frame=107 t= 5.350s reward=+0.872482 done=0 raw_action=[-0.252906, +0.312535, -1.000000, -0.368065, +1.000000, +0.090330, +0.563610, -1.000000, +0.157308, +1.000000, -1.000000, +0.534493, -0.259596, +0.220598, -1.000000, -1.000000, +1.000000, +0.980304, +0.320199, +1.000000, -0.007861]
frame=108 t= 5.400s reward=+1.063916 done=0 raw_action=[-0.645501, +1.000000, -0.574765, +0.465024, +1.000000, -0.480593, +1.000000, -1.000000, +0.121671, +0.996926, -1.000000, +0.851168, -0.747318, +1.000000, -1.000000, -1.000000, +1.000000, +0.530004, +1.000000, +1.000000, +0.197711]
frame=109 t= 5.450s reward=+0.844322 done=0 raw_action=[-0.026120, -0.192105, +1.000000, +0.838292, +0.444495, -0.172397, +1.000000, -0.841871, -1.000000, +1.000000, -1.000000, +1.000000, -0.572749, +0.618598, -0.328358, -0.921492, -0.246932, -0.017120, +1.000000, -0.448374, -0.133042]
frame=110 t= 5.500s reward=+1.085519 done=0 raw_action=[-0.036638, -0.627494, +1.000000, +0.283148, +0.548852, +0.385721, +1.000000, +0.312981, +0.349445, +0.967098, -0.178682, +0.765446, -0.311486, +0.975334, +0.340649, +0.041577, -1.000000, +0.276322, +1.000000, -0.741803, -0.534826]
frame=111 t= 5.550s reward=+0.894405 done=0 raw_action=[+0.066141, -0.090667, +1.000000, -0.551690, +0.626052, +0.271629, +1.000000, -0.045855, +1.000000, +1.000000, +0.136409, +0.229871, -0.533499, +0.199017, -0.058878, +0.572518, -0.995819, -0.207288, +0.452207, -0.378737, -0.434032]
frame=112 t= 5.600s reward=+0.940382 done=0 raw_action=[-0.058674, +0.344015, +1.000000, -0.464073, +0.906766, +0.157895, +1.000000, +0.278696, +0.635528, +0.043573, +0.170546, +0.209809, -0.173052, +0.240498, +0.173062, +0.619896, -0.409134, +0.116657, -0.113106, -0.432550, -0.577692]
frame=113 t= 5.650s reward=+0.492081 done=0 raw_action=[+0.215490, +0.642848, -0.018464, -0.929689, +0.981699, +0.252204, +1.000000, +0.370691, +0.368206, -0.710190, +0.383231, -0.322293, -0.241950, +0.097874, +0.298789, +0.312612, -0.431648, -0.167750, -0.073647, -0.307803, +0.075143]
frame=114 t= 5.700s reward=+1.140397 done=0 raw_action=[-0.244283, +0.567401, -1.000000, -1.000000, +1.000000, -0.794244, +1.000000, +0.277291, +0.051156, -0.991742, +0.398707, -0.417268, -0.270631, +0.292586, +0.570496, +0.417419, -0.174569, -0.751439, -0.156500, -0.208203, +0.222332]
frame=115 t= 5.750s reward=+1.113843 done=0 raw_action=[+0.248024, +0.944411, -0.732228, -1.000000, +1.000000, +0.049414, -0.045089, +0.614083, +0.278999, -1.000000, +1.000000, -0.612097, +0.080030, +0.367299, +0.609357, +0.316726, -0.680270, -0.332205, +0.150144, -0.259098, +0.446872]
frame=116 t= 5.800s reward=-0.332781 done=0 raw_action=[+0.498528, +0.486714, +0.369637, -0.972996, +1.000000, -0.361711, -0.512750, +0.500973, -0.026061, -1.000000, +1.000000, -0.417203, +0.036900, -0.711892, +1.000000, +0.180663, -0.209491, -0.087535, -0.265272, +0.414564, +0.299612]
frame=117 t= 5.850s reward=+1.096517 done=0 raw_action=[+0.206607, +0.997727, +0.410331, -0.411311, +1.000000, -1.000000, +0.773951, +0.285470, +0.041607, -1.000000, +0.882767, -0.604805, +0.657620, -0.938077, +0.420851, -0.186260, +0.120234, -0.136971, -0.256018, -0.405408, -0.403029]
frame=118 t= 5.900s reward=-1.116287 done=0 raw_action=[+1.000000, +0.029660, +1.000000, +0.862313, +1.000000, -0.691616, +0.524842, -0.049199, +0.268823, -1.000000, +1.000000, -0.951430, +0.472966, -0.335651, +0.287000, -0.064252, -0.189574, +0.033265, +0.088076, +0.580861, -0.023024]
frame=119 t= 5.950s reward=+1.087659 done=0 raw_action=[-0.107221, -1.000000, +1.000000, +0.608251, +0.816581, +1.000000, -0.411985, -0.403602, +1.000000, -0.888844, -0.296363, -0.886349, +0.651983, -0.421220, -0.889852, +0.220113, +0.025112, +0.679445, -0.114112, +0.656635, +0.058618]
frame=120 t= 6.000s reward=+0.967355 done=0 raw_action=[+0.262678, -1.000000, +1.000000, +0.721300, +0.856223, +1.000000, -0.910422, +0.288969, +1.000000, -0.842603, -0.314133, +0.122179, +0.228463, -0.752773, +0.191345, +0.404486, +0.468536, +0.300628, +0.130769, +0.754934, +0.242876]
frame=121 t= 6.050s reward=+1.062080 done=0 raw_action=[+0.209506, -1.000000, +1.000000, +0.402970, +1.000000, +1.000000, -1.000000, +0.454127, -0.098262, -0.693409, -0.199840, +0.447259, -0.077069, -0.855987, +0.106834, +0.364369, +0.630153, +0.330120, -0.192742, -0.245694, -0.190964]
frame=122 t= 6.100s reward=+1.062986 done=0 raw_action=[+0.280733, -1.000000, +1.000000, +0.537305, +1.000000, +0.796313, -1.000000, +0.939246, -0.362814, -0.698461, -0.383979, +0.530208, -0.274371, -0.279401, +0.186133, +0.079193, +0.637916, +0.157988, +0.003577, -0.373917, -0.460055]
frame=123 t= 6.150s reward=+1.011874 done=0 raw_action=[-0.144492, -0.202601, -0.759481, -0.518578, +1.000000, +0.450554, -1.000000, +0.404695, -0.519286, -0.054504, -0.944177, -0.283880, -0.330989, +0.477131, -0.162632, -0.584867, +0.652603, -1.000000, -0.890574, -1.000000, -0.247347]
frame=124 t= 6.200s reward=+0.841344 done=0 raw_action=[-0.271525, -0.034792, -1.000000, -1.000000, +1.000000, +0.715738, -1.000000, +0.089609, -1.000000, +0.920837, -0.365426, -0.391656, +0.112150, -0.050403, +0.152947, -0.454292, +0.164202, -0.825064, -0.486266, -0.245959, +0.957939]
frame=125 t= 6.250s reward=+1.054034 done=0 raw_action=[-0.174594, -0.128830, -1.000000, -1.000000, +1.000000, +0.670528, -1.000000, -0.401382, -1.000000, +1.000000, +0.015792, -0.357136, +0.631643, -0.153251, -0.362842, -0.548532, -0.485827, -0.369173, -0.749776, -0.250093, +1.000000]
frame=126 t= 6.300s reward=+0.984630 done=0 raw_action=[+0.054758, +0.112111, -1.000000, -0.848921, +1.000000, +0.680760, -1.000000, -0.863956, -0.916843, +1.000000, +0.467597, +0.109826, +0.826426, -0.011662, -0.255366, -0.571207, -0.267427, +0.113112, -0.336289, +0.260304, +0.427399]
frame=127 t= 6.350s reward=+0.836786 done=0 raw_action=[-0.472968, -0.210879, -1.000000, -0.386953, +1.000000, +0.206722, -0.975282, -0.935612, -0.195152, +1.000000, -0.279675, +0.370568, +0.063731, +0.050706, -0.978786, -1.000000, +0.378544, +0.240936, -0.568476, +0.780428, -0.540854]
frame=128 t= 6.400s reward=+0.460227 done=0 raw_action=[-0.556630, -0.021997, -1.000000, -0.381355, +1.000000, +0.111319, +0.285720, -1.000000, +0.522739, +1.000000, -1.000000, +0.540231, -0.262563, +0.119004, -1.000000, -1.000000, +1.000000, +0.755138, +0.383523, +1.000000, -0.168940]
frame=129 t= 6.450s reward=+1.072777 done=0 raw_action=[-0.348911, +0.989799, -0.566339, +0.566101, +0.915316, -0.346624, +1.000000, -1.000000, -0.240469, +1.000000, -1.000000, +0.983148, -0.477120, +0.915877, -0.987046, -1.000000, +1.000000, +0.610920, +1.000000, +0.896553, +0.463136]
frame=130 t= 6.500s reward=+1.090634 done=0 raw_action=[-0.024493, -0.256003, +1.000000, +0.712036, +0.520108, +0.064696, +1.000000, -0.281878, -0.809246, +1.000000, -0.856898, +1.000000, -0.664413, +0.791494, -0.019629, -0.579047, -0.478982, +0.584523, +1.000000, -0.295611, -0.172456]
frame=131 t= 6.550s reward=+0.936173 done=0 raw_action=[-0.088222, -0.033290, +1.000000, +0.092509, +0.548862, +0.421931, +1.000000, -0.017545, +0.406317, +1.000000, -0.130498, +0.779761, -0.733230, +0.513410, -0.229466, -0.160821, -1.000000, +0.129476, +1.000000, -0.365040, -0.152949]
frame=132 t= 6.600s reward=+0.784843 done=0 raw_action=[+0.269159, -0.028836, +1.000000, -0.343907, +0.778079, +0.313090, +1.000000, +0.271039, +0.470954, +0.583072, +0.509504, +0.723007, -0.317083, +0.350745, +0.226518, +0.548019, -0.879274, +0.017590, +0.293286, -0.804508, -0.604336]
frame=133 t= 6.650s reward=+0.288801 done=0 raw_action=[-0.271516, -0.073801, +1.000000, -0.641156, +0.983797, +0.048712, +1.000000, +0.803264, +0.710463, +0.239310, +0.145018, +0.044639, -0.008256, +0.457885, +0.433546, +0.551025, -0.510921, -0.168480, +0.234887, -0.773432, -0.751393]
frame=134 t= 6.700s reward=+0.801577 done=0 raw_action=[+0.063275, +0.423342, -0.750280, -1.000000, +1.000000, -0.607274, +1.000000, -0.067701, +0.296974, -0.242253, -0.071123, -0.272792, -0.416504, +0.017874, +0.245373, +0.231370, -0.477994, -0.739489, -0.201585, -0.321306, -0.279979]
frame=135 t= 6.750s reward=+1.116217 done=0 raw_action=[-0.157989, +0.604516, -0.835208, -0.958100, +1.000000, +0.041932, +0.837929, +0.797042, +0.450295, -0.842815, +0.786095, -0.464967, -0.281517, +0.490517, +0.488506, +0.838716, -0.518822, -0.042624, +0.112929, -0.238400, +0.190185]
frame=136 t= 6.800s reward=+1.115250 done=0 raw_action=[+0.528642, +0.594612, -0.476135, -0.893140, +1.000000, -0.157998, +0.204615, +0.540456, -0.376753, -1.000000, +0.905511, -0.427977, -0.153412, -0.081619, +0.782466, +0.330519, -0.438223, -0.061423, -0.097294, +0.049741, +0.298461]
frame=137 t= 6.850s reward=+1.126364 done=0 raw_action=[+0.337450, +0.589158, +0.143967, -1.000000, +1.000000, -0.089772, -0.151400, +0.307083, +0.289387, -1.000000, +1.000000, -0.707797, -0.044723, +0.333282, +0.980308, +0.183226, -0.057406, -0.344479, -0.222416, +0.344593, +0.145763]
frame=138 t= 6.900s reward=-1.373896 done=0 raw_action=[+0.368167, +0.982790, +0.757475, -0.797886, +1.000000, -0.413200, +0.038768, -0.164165, +0.205027, -1.000000, +1.000000, -0.946415, +0.244475, -0.869349, +0.650719, -0.349046, +0.177153, -0.006269, -0.199980, +0.167866, +0.065579]
frame=139 t= 6.950s reward=+1.078511 done=0 raw_action=[+0.021358, +1.000000, +0.112570, -0.871054, +1.000000, -0.663685, +1.000000, -1.000000, +0.432112, -1.000000, +0.291125, -1.000000, +0.110001, -0.765896, -0.592839, -0.447324, +0.624884, +0.100228, -0.515974, -0.267213, -0.380078]
frame=140 t= 7.000s reward=+0.922259 done=0 raw_action=[+0.910395, -0.037266, +1.000000, +0.678096, +1.000000, +0.001781, +0.011536, +0.399875, -0.263583, -1.000000, +1.000000, -0.650131, +0.793153, -0.380294, +0.423456, +0.331150, -0.486509, +0.165537, +0.286369, +0.596977, +0.556506]
frame=141 t= 7.050s reward=-0.032693 done=0 raw_action=[+0.431632, -1.000000, +1.000000, +1.000000, +1.000000, +0.831250, -0.330062, +0.463329, +0.676298, -0.987993, +0.004196, -0.338757, +0.808637, -0.613369, -0.165047, +0.120758, -0.610080, +0.176342, -0.076219, -0.146969, -0.245566]
frame=142 t= 7.100s reward=-0.403173 done=0 raw_action=[+0.682477, -1.000000, +1.000000, +1.000000, +0.998178, +1.000000, -0.790864, +0.605033, +0.996212, -0.925013, -0.576358, +0.387424, +0.211773, -0.707216, -0.053925, +0.036134, -0.303859, +0.433254, -0.355941, +0.417406, +0.139171]
frame=143 t= 7.150s reward=+1.028404 done=0 raw_action=[+0.236592, -1.000000, +1.000000, +0.702754, +1.000000, +0.692663, -1.000000, +1.000000, +0.426612, -0.761465, -0.651064, +0.788809, +0.185892, -0.668361, +0.156501, +0.272671, +0.876683, +0.411139, +0.203236, +0.217725, -0.207786]
frame=144 t= 7.200s reward=+0.592106 done=0 raw_action=[+0.228181, -0.983427, +0.951483, +0.383511, +1.000000, +0.715735, -1.000000, +0.622099, -0.413076, -0.632840, -0.569466, +0.310943, -0.261073, -0.110650, +0.068570, +0.147239, +0.983952, +0.009536, -0.224654, -0.718655, -0.757200]
frame=145 t= 7.250s reward=+1.019757 done=0 raw_action=[-0.533095, -0.393338, -1.000000, -1.000000, +1.000000, +0.882153, -1.000000, +0.556077, -1.000000, +0.605205, -0.687333, -0.559796, -0.076164, +0.120996, -0.202175, -0.119114, +0.992525, -1.000000, -0.381798, -0.251781, +0.253113]
frame=146 t= 7.300s reward=+1.067204 done=0 raw_action=[-0.093636, -0.252582, -1.000000, -1.000000, +1.000000, +1.000000, -1.000000, +0.010141, -1.000000, +1.000000, +0.095650, -0.795424, +0.376880, +0.344206, -0.100578, +0.015858, -0.022332, -1.000000, -0.386847, -0.427984, +0.643830]
frame=147 t= 7.350s reward=+1.075117 done=0 raw_action=[-0.067340, -0.001303, -1.000000, -1.000000, +1.000000, +0.892232, -1.000000, -0.798324, -1.000000, +1.000000, +0.289410, -0.332070, +0.788356, -0.198781, +0.078892, -0.528936, -0.652026, -0.536468, -0.706519, +0.124328, +0.963216]
frame=148 t= 7.400s reward=-0.265634 done=0 raw_action=[+0.312724, +0.260118, -1.000000, -1.000000, +1.000000, +0.752718, -1.000000, -1.000000, -1.000000, +1.000000, +0.812990, +0.192722, +0.569420, -0.189468, -0.230276, -0.857884, -0.518416, +0.036504, -0.762843, +0.203496, +0.231390]
frame=149 t= 7.450s reward=+1.007334 done=0 raw_action=[-0.746597, -0.256998, -1.000000, -0.797699, +1.000000, +0.284164, -0.805074, -1.000000, +0.415651, +1.000000, -0.800653, +0.309332, +0.175107, +0.327766, -1.000000, -1.000000, +0.763126, +0.697076, -0.416711, +1.000000, -0.531317]
frame=150 t= 7.500s reward=+1.062806 done=0 raw_action=[-0.651818, +0.257831, -1.000000, -0.573012, +1.000000, -0.138073, +0.315667, -1.000000, +0.433009, +1.000000, -1.000000, +0.749438, -0.257731, +0.056592, -1.000000, -1.000000, +1.000000, +0.749865, +0.320841, +1.000000, -0.215153]
frame=151 t= 7.550s reward=+1.079054 done=0 raw_action=[-0.177065, +0.724153, -0.129089, +0.284176, +0.889049, -0.191017, +1.000000, -1.000000, -0.343819, +0.948756, -1.000000, +0.970581, -0.915706, +0.921729, -0.883594, -1.000000, +1.000000, +0.408278, +1.000000, +0.980734, +0.481928]
frame=152 t= 7.600s reward=+0.974018 done=0 raw_action=[-0.118314, -0.249611, +0.877258, +0.611819, +0.477211, -0.392592, +1.000000, -0.175509, -0.707490, +1.000000, -1.000000, +1.000000, -0.762400, +0.755120, -0.285788, -0.911366, -0.539574, +0.115784, +1.000000, -0.630592, -0.270859]
frame=153 t= 7.650s reward=+1.005800 done=0 raw_action=[+0.441825, -0.500715, +1.000000, +0.431494, +0.548102, +0.547906, +1.000000, +0.272666, -0.351342, +0.792532, +0.227419, +1.000000, -0.427064, +0.485360, +0.598651, +0.157706, -1.000000, +0.168186, +0.918283, -0.996607, -0.229165]
frame=154 t= 7.700s reward=+0.798700 done=0 raw_action=[-0.098460, -0.242475, +1.000000, -0.589078, +0.846672, +0.181610, +1.000000, +0.346964, +1.000000, +0.876836, +0.199182, +0.502365, -0.482637, +0.466865, +0.476016, +0.632987, -1.000000, -0.172184, +0.281198, -0.808509, -0.508141]
frame=155 t= 7.750s reward=+0.907472 done=0 raw_action=[-0.269281, +0.060941, +1.000000, -0.599278, +1.000000, -0.023754, +1.000000, +0.300212, +1.000000, +0.171027, +0.192695, -0.040267, -0.364510, +0.454803, +0.186293, +0.628145, -0.754980, +0.299657, +0.091166, -0.221132, -0.618177]
frame=156 t= 7.800s reward=+1.068472 done=0 raw_action=[+0.424981, +0.790504, -0.342599, -0.963885, +1.000000, -0.310847, +1.000000, +0.257680, +0.507635, -0.515848, +0.062431, -0.243524, -0.159491, +0.298232, -0.006298, +0.330090, -0.101660, -0.629281, +0.130030, -0.541315, -0.195984]
frame=157 t= 7.850s reward=+1.078930 done=0 raw_action=[-0.068394, +0.743584, -1.000000, -1.000000, +0.926535, -0.514778, +0.876354, +0.464089, +0.009788, -1.000000, +0.541181, -0.255804, -0.156581, +0.003103, +0.743432, +0.445134, +0.015205, -0.233027, -0.092542, -0.102487, +0.131629]
frame=158 t= 7.900s reward=+1.048458 done=0 raw_action=[+0.103597, +0.888372, -0.783482, -0.918809, +0.995552, +0.020659, -0.027717, +0.986051, +0.363868, -1.000000, +0.826827, -0.720279, +0.133751, +0.033741, +0.579923, +0.226218, -0.848456, -0.044564, -0.210296, -0.327952, +0.115293]
frame=159 t= 7.950s reward=+0.722399 done=0 raw_action=[+0.474070, +0.749612, +0.111855, -1.000000, +1.000000, -0.074712, -0.257548, +0.119035, -0.072536, -1.000000, +1.000000, -0.710974, +0.049066, -0.487729, +0.898529, -0.142736, -0.406453, -0.634767, -0.335640, +0.444763, +0.202757]
frame=160 t= 8.000s reward=+1.017205 done=0 raw_action=[+0.158831, +0.988946, +0.422849, -0.813053, +1.000000, -0.948065, +0.309885, -0.235379, +0.179267, -1.000000, +1.000000, -0.771165, +0.317603, -0.410536, +0.781302, -0.184729, +0.307999, +0.056714, -0.234519, +0.173506, +0.236078]
frame=161 t= 8.050s reward=+0.908098 done=0 raw_action=[+1.000000, +0.473271, +1.000000, +0.301304, +1.000000, +0.270050, +0.014206, -0.659796, +0.277508, -1.000000, +1.000000, -1.000000, +0.241288, -0.987411, -0.242953, +0.105299, -0.378202, +0.457022, -0.093744, +0.465980, +0.275183]
frame=162 t= 8.100s reward=+1.025169 done=0 raw_action=[+0.555366, -1.000000, +1.000000, +1.000000, +1.000000, +0.581904, -0.147235, -0.085751, +0.471501, -1.000000, +0.618886, -0.573232, +0.222224, -0.811793, -0.294278, -0.113849, -0.165834, +0.767560, -0.009924, +0.619720, -0.151560]
frame=163 t= 8.150s reward=+0.077216 done=0 raw_action=[+0.277754, -1.000000, +1.000000, +0.834361, +0.943002, +0.770302, -0.310323, +1.000000, +0.482900, -1.000000, -0.470019, +0.362919, +0.824854, -0.406199, -0.041839, +0.189104, +0.290197, +0.033670, +0.063563, +0.250209, -0.206635]
frame=164 t= 8.200s reward=+0.984639 done=0 raw_action=[+0.354226, -1.000000, +1.000000, +0.869016, +1.000000, +0.530207, -0.841884, +1.000000, +0.850285, -0.980689, -1.000000, +1.000000, +0.401202, -0.433232, +0.303620, -0.088081, +0.443667, +0.235460, -0.301299, -0.228823, -0.405546]
frame=165 t= 8.250s reward=+0.987669 done=0 raw_action=[+0.038430, -1.000000, +0.973163, +0.264870, +1.000000, +0.568577, -1.000000, +0.580351, -0.224933, -0.709387, -0.929116, +0.383349, -0.426382, -0.045061, -0.038462, +0.320258, +1.000000, -0.357122, -0.364448, -0.437327, -0.080306]
frame=166 t= 8.300s reward=+0.959364 done=0 raw_action=[-0.635480, -0.550385, -0.157123, -0.420831, +1.000000, +0.580393, -1.000000, +0.723355, -0.857427, -0.016383, -0.801267, -0.232044, -0.186284, -0.036200, -0.227307, -0.015576, +0.840321, -0.626046, -0.312307, -0.505156, +0.001604]
frame=167 t= 8.350s reward=+0.991603 done=0 raw_action=[+0.064295, -0.158268, -1.000000, -1.000000, +1.000000, +0.683454, -1.000000, -0.203795, -1.000000, +1.000000, -0.583127, -0.815125, +0.186534, +0.089938, -0.128292, -0.292268, -0.088976, -1.000000, -0.230245, -0.512362, +1.000000]
frame=168 t= 8.400s reward=+0.549779 done=0 raw_action=[-0.169907, -0.165248, -1.000000, -1.000000, +1.000000, +0.828114, -1.000000, -0.330438, -1.000000, +1.000000, +0.317977, -0.369205, +0.657781, +0.079812, -0.131809, -0.196467, -0.444631, -0.439868, -0.551952, -0.307796, +1.000000]
frame=169 t= 8.450s reward=+0.794964 done=0 raw_action=[+0.288622, +0.169974, -1.000000, -1.000000, +1.000000, +0.593102, -1.000000, -0.700481, -0.966591, +1.000000, +0.723191, -0.078227, +1.000000, -0.185439, -0.276466, -0.531810, -0.437994, -0.176763, -0.318014, +0.259066, +0.386762]
frame=170 t= 8.500s reward=+0.905883 done=0 raw_action=[-0.019624, -0.138842, -1.000000, -0.632619, +1.000000, +0.309814, -1.000000, -1.000000, -0.132040, +1.000000, +0.015937, +0.247107, +0.523761, +0.003431, -0.626561, -1.000000, -0.017861, +0.404646, -0.616605, +0.937368, -0.331599]
frame=171 t= 8.550s reward=+1.031978 done=0 raw_action=[-0.398479, -0.212291, -1.000000, -0.765632, +1.000000, +0.386454, -0.449866, -1.000000, -0.276750, +1.000000, -0.721139, +0.445093, +0.078844, -0.118469, -0.850815, -1.000000, +1.000000, +0.701168, -0.121210, +1.000000, -0.278620]
frame=172 t= 8.600s reward=+1.069014 done=0 raw_action=[-0.633772, +0.854528, -1.000000, -0.244183, +1.000000, +0.209078, +0.991057, -1.000000, +0.423423, +1.000000, -1.000000, +0.336174, -0.581383, +0.477239, -1.000000, -1.000000, +1.000000, +0.580374, +0.900663, +1.000000, +0.137173]
frame=173 t= 8.650s reward=+0.995414 done=0 raw_action=[+0.116280, +0.508555, +0.228601, +0.470037, +0.960632, +0.048866, +1.000000, -1.000000, -0.482947, +0.940845, -1.000000, +0.670534, -0.683209, +0.898686, -0.578541, -1.000000, -0.387802, +0.542703, +1.000000, +0.166174, -0.197692]
frame=174 t= 8.700s reward=+0.953932 done=0 raw_action=[-0.062566, -0.232072, +1.000000, +0.487038, +0.500451, +0.280062, +1.000000, -0.362542, -0.186742, +1.000000, -0.509900, +0.856267, -0.597978, +0.739786, +0.092048, +0.037273, -0.550565, +0.181724, +1.000000, -0.503580, -0.226912]
frame=175 t= 8.750s reward=+0.991082 done=0 raw_action=[-0.010120, -0.055003, +1.000000, -0.081889, +0.545739, +0.348911, +1.000000, +0.362037, +0.815721, +0.995467, +0.362964, +0.866907, -0.498407, +0.738601, +0.090015, +0.761487, -0.569945, +0.241962, +0.669669, -0.812686, -0.390383]
frame=176 t= 8.800s reward=+0.758254 done=0 raw_action=[+0.166443, +0.387994, +1.000000, -0.720835, +0.892689, +0.230305, +1.000000, +0.070106, +0.665800, +0.609002, +0.118081, +0.445005, -0.816087, -0.017396, +0.312638, +0.429026, -0.476815, -0.166277, +0.138661, -0.351541, -0.065834]
frame=177 t= 8.850s reward=+0.968150 done=0 raw_action=[+0.028361, +0.540894, +0.661928, -0.388425, +1.000000, +0.469649, +1.000000, +0.228784, +0.449809, -0.345343, +0.825425, -0.195040, -0.396692, +0.506852, +0.270994, +0.804828, -1.000000, -0.000990, +0.115121, -0.600125, -0.401566]
frame=178 t= 8.900s reward=+0.508642 done=0 raw_action=[-0.338674, +0.643565, -0.797272, -0.979958, +1.000000, -0.601955, +1.000000, +0.485983, +0.301115, -0.940104, +0.179776, -0.057425, -0.751189, +0.423576, +0.445199, +0.293901, -0.016028, -0.543394, +0.256939, -0.262159, +0.125143]
frame=179 t= 8.950s reward=+1.000084 done=0 raw_action=[+0.212498, +0.745417, -0.974750, -1.000000, +1.000000, -0.385988, +0.656870, +0.423003, -0.022445, -1.000000, +0.628980, -0.277259, -0.633381, +0.085423, +0.601701, +0.294065, -0.218565, -0.339951, -0.090469, -0.213589, +0.541568]
frame=180 t= 9.000s reward=+1.066526 done=0 raw_action=[+0.248148, +0.475449, +0.208868, -0.497318, +1.000000, +0.069468, -0.380411, +0.552227, -0.090962, -1.000000, +1.000000, -0.524497, -0.052582, -0.293855, +0.845781, +0.309142, -0.914177, +0.446185, +0.098914, +0.026700, +0.638837]
frame=181 t= 9.050s reward=+0.296710 done=0 raw_action=[+0.054574, +0.595287, +0.318747, -0.545094, +1.000000, -0.803457, +0.042246, +0.453892, +0.298381, -1.000000, +0.677808, -0.606875, +0.341900, -0.548083, +0.549873, -0.180554, -0.269060, -0.466396, -0.132311, -0.145740, -0.285173]
frame=182 t= 9.100s reward=+0.954337 done=0 raw_action=[+0.637718, +0.428533, +1.000000, +0.243353, +1.000000, -0.803236, +0.602927, -0.057037, +0.249486, -1.000000, +1.000000, -0.765819, +0.572975, -0.497492, +0.205733, -0.051237, -0.185333, -0.104184, +0.049865, +0.223430, -0.489014]
frame=183 t= 9.150s reward=+1.019052 done=0 raw_action=[+0.532177, -0.404623, +1.000000, +1.000000, +1.000000, +0.548710, -0.135576, +0.327510, +0.033263, -1.000000, +0.523965, -0.619641, +0.262645, -1.000000, +0.007589, -0.192769, -0.440324, +0.185154, -0.238163, +0.295635, +0.008319]
frame=184 t= 9.200s reward=+1.010655 done=0 raw_action=[+0.323288, -1.000000, +1.000000, +1.000000, +0.928019, +1.000000, -1.000000, +0.340491, +0.933568, -0.917787, -0.021666, -0.222694, +0.483666, -0.797853, -0.056159, -0.054847, -0.217185, +0.950565, -0.237737, +0.477311, -0.249977]
frame=185 t= 9.250s reward=-0.541560 done=0 raw_action=[+0.110264, -1.000000, +1.000000, +0.250731, +1.000000, +1.000000, -1.000000, +0.170316, +0.333678, -0.796332, -0.318932, +0.438831, +0.233956, -0.454969, +0.132764, -0.024298, +1.000000, +0.178790, +0.005203, +0.184310, -0.142458]
frame=186 t= 9.300s reward=+0.976880 done=0 raw_action=[-0.286216, -0.929093, -0.032109, -0.577057, +1.000000, +0.426707, -1.000000, +0.555825, +0.003735, -0.365520, -0.722004, +0.053118, +0.001574, +0.366026, -0.312523, -0.120968, +1.000000, -0.570279, -0.750514, -0.595154, -0.335315]
frame=187 t= 9.350s reward=+0.047857 done=0 raw_action=[-0.063450, -0.644510, -0.528438, -0.100292, +1.000000, +0.422546, -1.000000, +0.803781, -0.797677, +0.174377, -0.662265, -0.105725, +0.223324, -0.418523, +0.158945, +0.079514, +0.537384, -0.720198, -0.208631, -0.234342, +0.381933]
frame=188 t= 9.400s reward=+0.958823 done=0 raw_action=[-0.128901, -0.508035, -1.000000, -0.673331, +1.000000, +0.353884, -0.948604, +0.482827, -0.745289, +0.851609, -0.360386, -0.481189, +0.586565, -0.010068, -0.248755, -0.038747, -0.287306, -0.701527, -0.614347, -0.623385, +0.264629]
frame=189 t= 9.450s reward=+0.958477 done=0 raw_action=[+0.273798, -0.096305, -1.000000, -0.713199, +1.000000, +0.724228, -0.817267, -0.222448, -1.000000, +0.890001, +0.360986, -0.110556, +0.657738, -0.153205, +0.153790, -0.173386, -0.483431, -0.369967, -0.272893, +0.002555, +0.614314]
frame=190 t= 9.500s reward=+0.913271 done=0 raw_action=[-0.357273, -0.191983, -1.000000, -0.479488, +1.000000, +0.410513, -0.991100, -0.739073, -0.544686, +1.000000, -0.264581, -0.080919, +0.592952, +0.146058, -0.397795, -0.802878, -0.070967, +0.048204, -0.732978, +0.295759, +0.242856]
frame=191 t= 9.550s reward=+0.876013 done=0 raw_action=[-0.322004, +0.176986, -1.000000, -0.638614, +1.000000, +0.332088, -0.602049, -1.000000, -0.347340, +0.954148, -0.649042, +0.378262, +0.427435, +0.092552, -0.657107, -1.000000, +0.614240, +0.330216, -0.311528, +1.000000, +0.058408]
frame=192 t= 9.600s reward=+1.013608 done=0 raw_action=[+0.224001, +0.061616, -1.000000, -0.548087, +1.000000, +0.446523, -0.062692, -1.000000, -0.835729, +0.832403, -0.586907, +0.344333, -0.071675, +0.106813, -0.731853, -0.988714, +0.456184, +0.523804, -0.131187, +1.000000, +0.105779]
frame=193 t= 9.650s reward=+1.052426 done=0 raw_action=[-0.431439, +0.447717, -0.671519, -0.076114, +1.000000, +0.177956, +0.836753, -1.000000, +0.575563, +1.000000, -0.974253, +0.186610, -0.086711, +0.728133, -1.000000, -0.746559, +0.529000, +0.874777, +0.829287, +0.793890, -0.200759]
frame=194 t= 9.700s reward=+1.042182 done=0 raw_action=[+0.481991, +0.195374, +0.672553, +0.234913, +0.743617, +0.054601, +1.000000, -1.000000, -0.327421, +0.959254, -0.555730, +0.351435, -0.472332, +0.251220, -0.333913, -0.243382, -0.742514, -0.209232, +0.639665, -0.388886, -0.065162]
frame=195 t= 9.750s reward=+0.907787 done=0 raw_action=[-0.291417, +0.100440, +1.000000, +0.400564, +0.746698, +0.373800, +1.000000, -0.555747, +0.620112, +1.000000, -0.026467, +0.402356, -0.292206, +0.763890, +0.040016, +0.431800, -0.745227, +0.459862, +0.804472, -0.471127, -0.431153]
frame=196 t= 9.800s reward=-1.370179 done=0 raw_action=[+0.087836, +0.363226, +1.000000, -0.359855, +1.000000, +0.693264, +1.000000, -0.239948, +1.000000, +0.418545, +0.542621, +0.428700, -0.749272, +0.810632, +0.297219, +0.844266, -0.284044, +0.007153, +0.531514, +0.035679, -0.714596]
frame=197 t= 9.850s reward=+0.942894 done=0 raw_action=[-0.645557, +1.000000, +0.145735, -0.737053, +1.000000, +0.125537, +1.000000, +0.185607, +1.000000, +0.384989, -0.278716, -0.072630, -0.422758, +0.981212, -0.220300, +0.546961, +0.041844, -0.353125, +0.559808, -0.526544, -0.596799]
frame=198 t= 9.900s reward=+0.012961 done=0 raw_action=[+0.307886, +0.923848, -0.012050, -0.860414, +1.000000, +0.079901, +1.000000, +0.406606, +0.091636, -1.000000, +0.856468, +0.268144, -0.876559, +0.282605, +0.512481, +0.872049, -0.429661, -0.316892, -0.057225, -0.435763, +0.029283]
frame=199 t= 9.950s reward=+1.002332 done=0 raw_action=[-0.064211, +0.678283, -0.421740, -0.673374, +1.000000, -0.857654, +1.000000, +0.992755, +0.052469, -1.000000, +0.724347, +0.112993, -0.740540, -0.011918, +0.675279, +0.625330, -0.793020, -0.177270, +0.127231, -0.741420, +0.549989]
